0.0247523302617064
-0.181821311509717
-0.0694830394718861
0
0
0
-0.0644628036335016
0.942113322655036
-0.0348470945909551
-0.071543906574299
1.43698548372064
-0.105540275279437
-0.548112874178509
0.693752870124234
-0.0612959390586211
-1.10690386725009
0.675404296691782
-0.147363953902066
-1.02682779514586
1.14012515837927
-0.38437496105399
-0.848564088612301
1.34372991553759
-0.442697819271983
0.441305508520438
0.731593212516666
0.0782782725488515
0.948040679034321
0.836903642055114
0.231242575414753
0.733496878664786
1.27470674394906
-0.163950801017445
0.651417726321454
1.32417756284983
-0.212172055593071
-0.17777388848188
-0.411309328174142
-0.115966165393997
-0.187215950074692
-1.78351445120233
-0.0247664565778261
-0.109838136849997
-2.74245824297763
-0.0366608954028568
-0.091052190496236
-2.94379617741385
-0.268198514143821
0.263032964144867
-0.399788527859426
-0.0515162543273296
0.702677381638655
-1.78762886684444
0.176233063095581
1.15746286990548
-2.80987641869656
0.276452412591764
1.29505355945077
-2.9695650457654
0.185722485059179
