0.0307359640124165
-0.192859660070998
-0.096797143182923
0
0
0
-0.0183366327272217
1.01799417511411
-0.0376591759650513
0.0127368182461757
1.53895605697738
-0.132093509176725
-0.508577466612426
0.791645521479033
-0.116335714074695
-1.21899231991882
0.908768048712248
-0.246956491283371
-1.81433111119276
1.01894113052066
-0.443504769858943
-2.00152048838869
1.05721056846383
-0.487766043742763
0.463843346254686
0.800703494870676
0.11586485099844
1.05687912084183
0.888359322044429
0.367734740603252
1.60528149548687
1.06319828345736
0.535104357667689
1.79844967109464
1.10885895735152
0.591355299124045
-0.17596411868632
-0.417394930392228
-0.163633696270473
-0.376998072778845
-1.92707899328242
-0.0687391518294955
-0.506141435738622
-2.94035774430092
-0.098151853508351
-0.514644363531068
-3.15505860059005
-0.294886653156869
0.255717559180583
-0.414453056973179
-0.0654234528372911
0.412995083241109
-1.8764184044651
0.0385189929776249
0.509544391625246
-2.94297790854933
0.0954589652849605
0.575693809662564
-3.12050573178613
-0.0894862226180731
