-0.0242784410621225
-0.181248655908466
-0.149365866916709
0
0
0
-0.0289157559683449
1.01661665341312
-0.0259588482512872
-0.0612936257537254
1.54883248892629
-0.0800228902741757
-0.545001750281725
0.692023965379804
0.033540618843905
-1.2299580300707
0.878891272939361
-0.0945222888203236
-1.70811644571995
1.36044732826241
-0.278559683910489
-1.92645015682745
1.63548342552388
-0.298067695056192
0.43725769733018
0.665481196869038
-0.149464709056659
1.01674016725261
0.832742371070243
-0.443679333655277
0.604656400795669
1.26243265497095
-0.773888632608254
0.449558759427429
1.38363481100247
-0.872625424349608
-0.245566199353608
-0.40760889360067
-0.153637811026391
-0.452868276485946
-1.73756283371115
-0.192196571730756
-0.635284125384531
-2.77497856196374
-0.189832115051958
-0.712744421652172
-2.97657044670363
-0.338838618503516
0.198462948914936
-0.396631866885056
-0.204273123539176
0.427050897106596
-1.71060541704145
-0.0956566334273347
0.679002643274613
-2.73646057597111
0.00970575887116718
0.704734750612203
-2.9466416388869
-0.0872567627522432
