0.0170001900261354
-0.206760528621906
-0.0349317614272669
0
0
0
-0.0289061582411993
1.04698084405389
-0.0306159001724713
0.0236175786229026
1.58587893583682
-0.137344781677359
-0.500661415480398
0.82723102873357
-0.10852799170394
-1.2490219540715
0.952744244857423
-0.285508872935459
-1.64254923297079
1.60157947536615
-0.666100983689584
-1.72428830832022
1.86859203593664
-0.707407916706121
0.473257305417617
0.836731172189026
0.114750469802703
1.14156134854779
0.989398745379667
0.31955823942837
1.63673790494786
1.54998175478588
0.175666785121245
1.73132669982046
1.7869839538251
0.148066020237345
-0.196008829046212
-0.43413418066729
-0.0834614328468624
-0.577007266084795
-1.86334526012861
-0.0819153705389193
-0.92779019297862
-2.93764324754498
-0.165294908280252
-0.992825510722404
-3.14520296151931
-0.357429303307913
0.245947455380224
-0.42517138325863
-0.00255036446147212
0.644366123041698
-1.80860018535863
0.0750923760883775
0.916013496422219
-2.86068665365589
0.220126526270952
1.00786397590539
-3.0853001560958
0.0207529184840752
