Pose 0:
0.0247523302617064
-0.181821311509717
-0.0694830394718861
0
0
0
-0.0644628036335016
0.942113322655036
-0.0348470945909551
-0.071543906574299
1.43698548372064
-0.105540275279437
-0.548112874178509
0.693752870124234
-0.0612959390586211
-1.10690386725009
0.675404296691782
-0.147363953902066
-1.02682779514586
1.14012515837927
-0.38437496105399
-0.848564088612301
1.34372991553759
-0.442697819271983
0.441305508520438
0.731593212516666
0.0782782725488515
0.948040679034321
0.836903642055114
0.231242575414753
0.733496878664786
1.27470674394906
-0.163950801017445
0.651417726321454
1.32417756284983
-0.212172055593071
-0.17777388848188
-0.411309328174142
-0.115966165393997
-0.187215950074692
-1.78351445120233
-0.0247664565778261
-0.109838136849997
-2.74245824297763
-0.0366608954028568
-0.091052190496236
-2.94379617741385
-0.268198514143821
0.263032964144867
-0.399788527859426
-0.0515162543273296
0.702677381638655
-1.78762886684444
0.176233063095581
1.15746286990548
-2.80987641869656
0.276452412591764
1.29505355945077
-2.9695650457654
0.185722485059179
Pose 1:
0.0299936345316562
-0.174490118303488
-0.134714232963534
0
0
0
0.0339817899612655
0.960206733724581
-0.0412350114105549
0.0770548166723253
1.46480804082076
-0.15371297995335
-0.448998012763087
0.873966296665854
-0.0943887689929483
-0.914876809937897
1.32789353394669
-0.267969777192344
-1.2811008666392
1.80257167366417
-0.486628284896041
-1.3931218296617
1.91440955094808
-0.551626131306231
0.510264977768503
0.684935980460103
0.114993563593701
0.813721405914805
0.00769969720860436
0.392171316263693
1.17639120726465
-0.647147209249647
0.548151776630155
1.28402050719702
-0.896602494195234
0.589860518107503
-0.183747311531498
-0.382803020077374
-0.213082236021265
-0.375788373271502
-1.89721378399844
-0.154555598935271
-0.557388098962876
-2.90166369972088
-0.162767770690006
-0.571505401210165
-3.10692389468095
-0.318806690043515
0.242498236577245
-0.414895379105431
-0.108626688669015
0.409852135311915
-1.87846466741873
-0.0149742897876555
0.527009346946096
-2.89371909412845
0.0659133503440662
0.610074250249512
-3.1127782924938
-0.092902458945366
Pose 2:
-0.0242784410621225
-0.181248655908466
-0.149365866916709
0
0
0
-0.0289157559683449
1.01661665341312
-0.0259588482512872
-0.0612936257537254
1.54883248892629
-0.0800228902741757
-0.545001750281725
0.692023965379804
0.033540618843905
-1.2299580300707
0.878891272939361
-0.0945222888203236
-1.70811644571995
1.36044732826241
-0.278559683910489
-1.92645015682745
1.63548342552388
-0.298067695056192
0.43725769733018
0.665481196869038
-0.149464709056659
1.01674016725261
0.832742371070243
-0.443679333655277
0.604656400795669
1.26243265497095
-0.773888632608254
0.449558759427429
1.38363481100247
-0.872625424349608
-0.245566199353608
-0.40760889360067
-0.153637811026391
-0.452868276485946
-1.73756283371115
-0.192196571730756
-0.635284125384531
-2.77497856196374
-0.189832115051958
-0.712744421652172
-2.97657044670363
-0.338838618503516
0.198462948914936
-0.396631866885056
-0.204273123539176
0.427050897106596
-1.71060541704145
-0.0956566334273347
0.679002643274613
-2.73646057597111
0.00970575887116718
0.704734750612203
-2.9466416388869
-0.0872567627522432
Pose 3:
0.0307359640124165
-0.192859660070998
-0.096797143182923
0
0
0
-0.0183366327272217
1.01799417511411
-0.0376591759650513
0.0127368182461757
1.53895605697738
-0.132093509176725
-0.508577466612426
0.791645521479033
-0.116335714074695
-1.21899231991882
0.908768048712248
-0.246956491283371
-1.81433111119276
1.01894113052066
-0.443504769858943
-2.00152048838869
1.05721056846383
-0.487766043742763
0.463843346254686
0.800703494870676
0.11586485099844
1.05687912084183
0.888359322044429
0.367734740603252
1.60528149548687
1.06319828345736
0.535104357667689
1.79844967109464
1.10885895735152
0.591355299124045
-0.17596411868632
-0.417394930392228
-0.163633696270473
-0.376998072778845
-1.92707899328242
-0.0687391518294955
-0.506141435738622
-2.94035774430092
-0.098151853508351
-0.514644363531068
-3.15505860059005
-0.294886653156869
0.255717559180583
-0.414453056973179
-0.0654234528372911
0.412995083241109
-1.8764184044651
0.0385189929776249
0.509544391625246
-2.94297790854933
0.0954589652849605
0.575693809662564
-3.12050573178613
-0.0894862226180731
Pose 4:
0.0170001900261354
-0.206760528621906
-0.0349317614272669
0
0
0
-0.0289061582411993
1.04698084405389
-0.0306159001724713
0.0236175786229026
1.58587893583682
-0.137344781677359
-0.500661415480398
0.82723102873357
-0.10852799170394
-1.2490219540715
0.952744244857423
-0.285508872935459
-1.64254923297079
1.60157947536615
-0.666100983689584
-1.72428830832022
1.86859203593664
-0.707407916706121
0.473257305417617
0.836731172189026
0.114750469802703
1.14156134854779
0.989398745379667
0.31955823942837
1.63673790494786
1.54998175478588
0.175666785121245
1.73132669982046
1.7869839538251
0.148066020237345
-0.196008829046212
-0.43413418066729
-0.0834614328468624
-0.577007266084795
-1.86334526012861
-0.0819153705389193
-0.92779019297862
-2.93764324754498
-0.165294908280252
-0.992825510722404
-3.14520296151931
-0.357429303307913
0.245947455380224
-0.42517138325863
-0.00255036446147212
0.644366123041698
-1.80860018535863
0.0750923760883775
0.916013496422219
-2.86068665365589
0.220126526270952
1.00786397590539
-3.0853001560958
0.0207529184840752
