0.00456474478582826
-0.164233445378867
-0.142056534183626
0
0
0
-0.044787574272373
0.927557425562891
-0.0456490542115191
-0.0115316082967484
1.38777003415924
-0.144144209262667
-0.537455126199736
0.659326517677336
-0.047224448640219
-0.847898222531196
0.119569998402044
-0.0600922142575084
-1.25840193815886
0.175791996600355
-0.345370618881807
-1.34066168104839
0.262653795480431
-0.283228697894485
0.461209610899314
0.615091930506639
-0.0205402928034122
0.818243810035958
0.0250808692746362
0.0129308514898514
1.24123593636089
-0.463512131160237
-0.00519290191736816
1.42039893824416
-0.616447072001793
-0.0690054302706829
-0.192085310494547
-0.382194879524217
-0.202443733308206
-0.0945307117714167
-1.64955238300885
-0.0986528697325525
-0.0125757379004937
-2.53666701821588
-0.218287049248001
0.0355200843544872
-2.7005308198102
-0.515346156444795
0.229561568010848
-0.377404004012319
-0.142402338225817
0.36582900592417
-1.64034681070663
-0.212955124759617
0.604646673348136
-2.55598370794939
-0.141649980782671
0.268203837182717
-2.69741391040288
-0.384899175197918
