0.0200684437479115
-0.181539218420149
-0.0665652521253753
0
0
0
-0.0224227106280114
0.940811616830166
-0.0515937954229703
0.104349211865772
1.4441749118372
-0.176232063791875
-0.45416171190091
0.654367749768644
-0.129013285094406
-1.06024538251177
0.421883022249492
-0.410047259882698
-1.0940541453022
1.06282734343837
-0.794936973738057
-1.08572457557271
1.20322305970208
-0.854014783432647
0.496902971913864
0.676454693632505
0.179188165439265
1.14742209879669
0.49466678369098
0.0591552860917042
1.70280890897794
1.12161530227562
-0.285797401947111
1.7025756227468
1.18862047292575
-0.334084737856097
-0.204294031967203
-0.37828073721043
-0.157877699626122
-0.305494790317475
-1.33396010892828
-0.237069890401426
-0.42576074163622
-2.35972318107781
-0.337038782607989
-0.34537589428765
-2.48529750830653
-0.578825820019515
0.229630106078649
-0.43017576069397
-0.01951136788371
-0.0311234000130426
-1.53410949646582
-0.0714579208846885
-0.114654526138643
-2.41658931388754
-0.0464128184779381
-0.0329285400730033
-2.51856882144398
-0.282094990049648
