-0.0042915519404541
-0.174102417320456
-0.0985798411800456
0
0
0
-0.0347241045005215
0.90793323706575
-0.0425504936802411
-0.0352955892961578
1.36080090211047
-0.123778353784238
-0.521155153104263
0.61276479982155
0.0479051703631828
-0.886524456599213
0.123376738542119
0.0997622984687663
-1.34128912512024
0.26344315166052
-0.0957471604104487
-1.4890823749481
0.376138649179159
-0.168987637456323
0.474067559214482
0.59533630680329
-0.0481573119909247
0.97262332343328
0.14069118819197
0.0126696820670859
1.56963046702006
0.0195838692085094
-0.0246333675764945
1.83476854658224
-0.0266814386659716
0.0206083757074377
-0.222081056537239
-0.40867549751351
-0.116708534396725
-0.391194040262525
-1.74142506390177
0.00101320359837433
-0.379402941350037
-2.65172314309047
-0.181751220543395
-0.53004466702647
-2.74171509839322
-0.501893416561541
0.226934782871271
-0.388806809701939
-0.121055224204625
0.403079515677596
-1.59565720690779
-0.0922189165298397
0.645270329702283
-2.44018848976946
-0.127675825749609
0.298912296632411
-2.69700459143532
-0.0192242051165236
