0.0161409597219805
-0.161470260117085
-0.150431442031933
0
0
0
-0.115156881873885
0.935286588452346
0.00296796491402429
-0.177103219404495
1.39628667946471
-0.115045224811877
-0.57167396611181
0.588515367644037
0.0569934079555814
-0.897614182621657
0.0933146177450252
-0.00544734152060808
-1.31232545919785
0.229280142640159
-0.372098223073984
-1.3450944737087
0.354269976194325
-0.313719685185696
0.424239224541705
0.677773821425383
0.0432149787672714
0.965446053111807
0.320036764663726
0.0631282374246785
1.50785776814767
0.332098937827719
0.035038590820385
1.76664874908407
0.340444435266713
0.0924082953941663
-0.183328016616634
-0.402536774391944
-0.202777288104636
-0.0720162664859245
-1.77563757188234
-0.0600258808612971
-0.00983448225184343
-2.58323820630833
-0.165632033518551
0.0825862443698884
-2.80515913689172
-0.467402807835851
0.263296106336471
-0.35625695673007
-0.158355173678028
0.408603344102472
-1.66326741285091
-0.22998233900805
0.55545072533583
-2.63428986079773
-0.0817322227692377
0.358565114642272
-2.78856669588993
-0.321428987489039
