0.0217333612749791
-0.160411874609212
-0.147475002741289
0
0
0
-0.0326884152307314
0.938813809971962
0.00180845109256736
0.000507773021298939
1.39330739730791
-0.0374998870242848
-0.505168676686703
0.617234547151836
-0.0720710737428537
-1.01783104787649
0.398925127891049
-0.124195677629034
-1.02445378134721
0.734034473814492
-0.399552137295665
-1.0066218672652
1.05160434876226
-0.389118678033573
0.488966545901644
0.622807900833714
0.0359293750430467
0.952908037885139
0.36073319666916
0.125425219448343
0.940033070032424
0.854234282838851
-0.24550193198269
0.882163631226835
1.09429065379635
-0.323070082276039
-0.179457214120363
-0.394707258680111
-0.232826835829654
-0.196752911353394
-1.73408444717089
-0.0315388861299299
-0.185943829911664
-2.47090033242732
-0.0963977863308168
-0.26926250744766
-2.62934472666352
-0.296668517867992
0.266871440401038
-0.385603419395248
-0.1463274303766
0.294351382092982
-1.6447621474703
-0.0349594031633694
0.399120356789587
-2.45469628048317
-0.00169915848640654
0.310134006443944
-2.60118437668315
-0.144642502698287
