-0.0383086715634524
-0.217536853395396
-0.110761903599803
0
0
0
0.405544960865697
1.09425623082521
-0.0263411930705162
0.770511403638142
1.60563973689692
-0.175857130322396
-0.127814771227555
0.878700127731444
-0.112899020020685
-0.880393135298608
0.258848313391203
-0.13975393914396
-1.36647723741265
-0.283492187766478
-0.424042958728511
-1.51521225892976
-0.510169509950402
-0.524132514384515
0.759259058579743
0.548704979434834
0.209906219360138
1.12881462199649
-0.0208821895454577
0.358936503021159
1.56916717979457
-0.568205916128399
0.33805580482524
1.75593968537378
-0.712606825239931
0.343847955785419
-0.311798202522968
-0.342477718868352
-0.224711635765865
-0.468933056063733
-1.46988524630918
-0.300041280026627
-0.757608498078853
-2.67813593725425
-0.52833977435289
-0.658175537254917
-2.8139356696221
-0.805449462324264
0.0897585074403903
-0.518128027834175
-0.0439674908619589
-0.390089491514114
-1.73933486175735
-0.288016641489618
0.0778831166483633
-2.27973356315429
0.239176974347439
-0.0969023035778025
-2.09660065226033
-0.0153796987691533
