0.00557276466212909
-0.146540318556596
-0.141363585899068
0
0
0
-0.027300160819528
0.862711026902402
0.000370154519879188
0.1594055512365
1.37078914459145
-0.0332581447117718
-0.448244675279443
0.707434975910739
-0.00583646805252857
-0.814746365891587
1.10169965280581
-0.173282504931892
-1.18455806788537
1.50001666537511
-0.307398692545823
-1.31193561288045
1.63701441427907
-0.342429060315849
0.544066973081992
0.586429403150172
-0.0258430614396164
0.934793286981757
0.761234324126231
-0.287789483634264
0.623016362980474
1.08310572176464
-0.289548039065644
0.47208006196815
1.22530979544497
-0.245554437544711
-0.209144803330967
-0.353190112205692
-0.182782225470029
-0.300652137967224
-1.62648581249313
-0.19875333354293
-0.409218703335298
-2.6132702941771
0.0530407525536647
-0.409667963624708
-2.7050706613815
-0.150207564011822
0.234870335625607
-0.382929620476766
-0.177705139604744
0.295089311440766
-1.6387534380228
-0.155921942894363
0.425426323192979
-2.61641407363258
0.0531866153195373
0.433015966189434
-2.71676044416161
-0.136392273993955
