0.00229127523605244
-0.167503717541893
0.00747274179833993
0
0
0
-0.0102021477580709
0.838028540604803
-0.0229875911817356
-0.0129594522617807
1.28293597118581
-0.222100237498166
-0.492432707558206
0.64899523159331
0.0236757523282255
-1.04327976633118
0.677073527056912
-0.0413701896101758
-1.21907811303181
1.08115564728561
-0.290017252138942
-1.19950204917781
1.21176108812788
-0.361846575745286
0.505391882357607
0.613285843215948
0.0786890059142407
1.07824133750496
0.683396760464199
0.0950896103129937
1.25567466927699
1.10307250456758
-0.129218926947432
1.27527337216531
1.25451619544908
-0.205355318514751
-0.216315451080776
-0.39109504607735
-0.0130716181036361
-0.491395331736465
-1.54579945294598
0.00845495733780163
-0.843839617679499
-2.42028713923473
0.107350087009883
-0.831022039186186
-2.53611492743029
-0.125230920589304
0.22654923813172
-0.394818759170118
0.0262558732045179
0.500711300812436
-1.55049164553134
-0.0279186266302816
0.914036476860479
-2.47147480932029
0.081576203798845
0.926856567431051
-2.58731793954599
-0.151008331825708
