Pose 0:
-0.00214020973569268
-0.150784753521245
-0.147891691311729
0
0
0
0.0106597144531339
0.89736799814057
0.0130242805179943
-0.0717264575037502
1.43052356515727
-0.11763795110167
-0.496553551797298
0.639998668627222
-0.0239021735975207
-0.87304597894588
0.791296273831833
-0.390244533213628
-0.593115621020388
1.16186276329021
-0.359299284668714
-0.499174164796515
1.28601544909691
-0.336896595129517
0.503262572835839
0.622400961510876
-0.027425408624602
0.889119343887815
0.850229779478063
-0.401181259290738
0.543818738849485
1.21891129413979
-0.349823191616941
0.432469633716193
1.35585646085177
-0.283207711584996
-0.226703251302755
-0.373217882355731
-0.194686832290854
-0.269481930009861
-1.63618337137383
-0.260247424769924
-0.320329077035023
-2.61151293135909
0.0551571099575572
-0.395267360447407
-2.84497804904101
0.0240556839188129
0.217264118981699
-0.370872998795212
-0.183824630807832
0.304082332082658
-1.62734971332731
-0.23149106933235
0.349203155589043
-2.58818638361436
0.0502826387749047
0.360295858165912
-2.71990100558758
-0.157582264225799
Pose 1:
-0.0079053696052114
-0.155491561639454
-0.145219561984032
0
0
0
-0.0130866600721267
0.904275111527116
-0.00741542891178952
-0.0791235568018109
1.4093314986964
-0.195976052999812
-0.531121750505706
0.671269917845516
0.0154408597984566
-0.996873467610779
0.909887769053278
-0.173152009989001
-1.26563116382407
1.34438668053783
-0.37307547837607
-1.30128192667349
1.47418121387385
-0.405610544608293
0.463218393501496
0.599805935636627
-0.0628080058849609
0.951599827141496
0.0831336380130925
0.0143124375746213
1.16591184417803
-0.566877539577723
-0.0436938963351843
1.19962280456352
-0.749409792780976
-0.0241218572414827
-0.22698456468187
-0.378057990972504
-0.161551391667859
-0.304529691766731
-1.62697688741586
-0.200861893101281
-0.398731815609778
-2.52647951029037
0.0282154656593663
-0.451691020507037
-2.72299012521807
-0.0474301866389941
0.213228993600862
-0.378018081125199
-0.20202834320279
0.348150384859802
-1.60396429328014
-0.236737796349199
0.50053620477987
-2.52699292589004
0.0294571247546801
0.483296222133451
-2.6336569450935
-0.208867167006829
Pose 2:
0.00557276466212909
-0.146540318556596
-0.141363585899068
0
0
0
-0.027300160819528
0.862711026902402
0.000370154519879188
0.1594055512365
1.37078914459145
-0.0332581447117718
-0.448244675279443
0.707434975910739
-0.00583646805252857
-0.814746365891587
1.10169965280581
-0.173282504931892
-1.18455806788537
1.50001666537511
-0.307398692545823
-1.31193561288045
1.63701441427907
-0.342429060315849
0.544066973081992
0.586429403150172
-0.0258430614396164
0.934793286981757
0.761234324126231
-0.287789483634264
0.623016362980474
1.08310572176464
-0.289548039065644
0.47208006196815
1.22530979544497
-0.245554437544711
-0.209144803330967
-0.353190112205692
-0.182782225470029
-0.300652137967224
-1.62648581249313
-0.19875333354293
-0.409218703335298
-2.6132702941771
0.0530407525536647
-0.409667963624708
-2.7050706613815
-0.150207564011822
0.234870335625607
-0.382929620476766
-0.177705139604744
0.295089311440766
-1.6387534380228
-0.155921942894363
0.425426323192979
-2.61641407363258
0.0531866153195373
0.433015966189434
-2.71676044416161
-0.136392273993955
Pose 3:
-3.67328028062575E-05
-0.169342582983982
-0.145956576535523
0
0
0
-0.0372220369636848
0.957837320377556
-0.0231940261828333
-0.0780229960519612
1.48625199302573
-0.175031648915447
-0.517609474308653
0.665706729471049
0.0241826515725568
-1.10659866119189
0.562710547320492
-0.0704092371889619
-1.63301496709184
0.510173037102633
-0.209926963698783
-1.73943691204828
0.491547330004596
-0.218531307010315
0.481298492250209
0.666707227261083
-0.0215345907844746
1.14215848205413
0.526527439985836
-0.0697949227205188
1.67336849132134
0.448199884993001
-0.251139472990932
1.89076276355627
0.389858568508283
-0.355195843168506
-0.222128429328547
-0.395849447360422
-0.170545304332605
-0.287802215297803
-1.64557269593927
-0.121362150941323
-0.216074190995921
-2.5212522210246
0.280320735062805
-0.320372054720881
-2.66339328543814
0.129806845899146
0.23630137375542
-0.387952074228458
-0.184351525391228
0.353263698949578
-1.63852765817676
-0.150311781739077
0.45530585109499
-2.5916282607101
0.105120381968891
0.487869026431603
-2.7116597678161
-0.0817968104319629
Pose 4:
0.00229127523605244
-0.167503717541893
0.00747274179833993
0
0
0
-0.0102021477580709
0.838028540604803
-0.0229875911817356
-0.0129594522617807
1.28293597118581
-0.222100237498166
-0.492432707558206
0.64899523159331
0.0236757523282255
-1.04327976633118
0.677073527056912
-0.0413701896101758
-1.21907811303181
1.08115564728561
-0.290017252138942
-1.19950204917781
1.21176108812788
-0.361846575745286
0.505391882357607
0.613285843215948
0.0786890059142407
1.07824133750496
0.683396760464199
0.0950896103129937
1.25567466927699
1.10307250456758
-0.129218926947432
1.27527337216531
1.25451619544908
-0.205355318514751
-0.216315451080776
-0.39109504607735
-0.0130716181036361
-0.491395331736465
-1.54579945294598
0.00845495733780163
-0.843839617679499
-2.42028713923473
0.107350087009883
-0.831022039186186
-2.53611492743029
-0.125230920589304
0.22654923813172
-0.394818759170118
0.0262558732045179
0.500711300812436
-1.55049164553134
-0.0279186266302816
0.914036476860479
-2.47147480932029
0.081576203798845
0.926856567431051
-2.58731793954599
-0.151008331825708
