0.00388814974944149
-0.165694077149849
0.0345900383507563
0
0
0
-0.0194473735252958
0.828610495466861
-0.131497153086562
-0.043532263300145
1.26658781568258
-0.306187378087571
-0.503897018700322
0.602072669664158
-0.0506281846914126
-1.10463727405626
0.445700934005875
-0.166884621196211
-1.13098960614719
-0.128639789199296
-0.314839734215741
-1.13943355213768
-0.312256043696372
-0.309005025654853
0.494561253953449
0.632284266343994
-0.00483608120286012
1.14141920099853
0.50813800393459
-0.0144139453940961
1.22757192747057
-0.0272416689538016
-0.283142198118642
1.25676738721233
-0.233038744826713
-0.319871885354641
-0.211098726136147
-0.390539968116574
0.0547717267201208
-0.560704001467178
-1.36187795951556
0.0255801492564135
-0.805071504431078
-2.27495681344978
0.0757497924217735
-0.793538785784409
-2.41131515213136
-0.159955809197803
0.229348397888214
-0.38644855389474
0.0739298449239662
0.581254189993557
-1.3769685459237
-0.0211560992125145
0.840655155194876
-2.34465094807968
0.0459931366024971
0.852210499322281
-2.48108350686966
-0.189631333268586
