0.00901858794998866
-0.141783455429964
-0.120724622859632
0
0
0
-0.050538594552449
0.793240100813959
-0.0360166151836597
-0.0540775108723281
1.17321458943049
-0.147392616975489
-0.508229162745293
0.636336050011444
-0.0196822891732727
-0.904336704984295
0.990290466719351
-0.158770108333958
-1.2323656131132
1.2876281271567
-0.294317544349132
-1.36130124305505
1.37495293635963
-0.319646507930454
0.478989203538376
0.480218267105098
-0.0483798549312198
0.972241732547635
0.540454420582375
-0.138816865345955
0.629740775586687
1.02520559438291
-0.298282342224777
0.522761930457022
1.14023761303033
-0.28577262608811
-0.19012403944032
-0.376827177780962
-0.155512194380903
-0.034821051499266
-1.52239444713974
-0.205783249553736
0.06224134693997
-2.42036671403405
-0.0178060956495113
0.0606482768766657
-2.50572027294194
-0.207419170979826
0.236614046162829
-0.352127197831735
-0.141734319705156
0.645207519053439
-1.10198474801626
-0.458453477784887
0.311085720293297
-1.66621064975668
-0.166415579442211
0.419096655683928
-1.54161405508113
-0.266944053882422
