0.0158762390155185
-0.160409849398476
-0.132213817390654
0
0
0
-0.102547831998129
0.890313753945162
-0.0407280672435642
-0.150193506950032
1.39753995844863
-0.204025016593142
-0.596059702591561
0.622830596915885
-0.00472485357818249
-1.15619129900801
0.517325966336356
-0.0950970653650054
-1.7461085899189
0.458603014955596
-0.26551392416618
-1.94689281601022
0.448553858405158
-0.307006322105386
0.403415310423758
0.619008627731501
-0.0348205512571731
1.02828988864382
0.525657626134668
-0.0290792486878393
1.55689309482158
0.524450340512895
-0.187055786243407
1.73070030213898
0.514541915507386
-0.247540083325276
-0.17688019637016
-0.419002626696565
-0.166184967280186
-0.033718307500201
-1.67099160204899
-0.176634297607724
0.0339627464531248
-2.58567640094112
0.0144500326553136
0.0273381896235346
-2.69094530327564
-0.216169965865355
0.258303920764057
-0.345942611315383
-0.151504681859741
0.600083822737721
-1.17328952827236
-0.529411137002599
0.468745686130567
-2.01163324755884
0.116518848132923
0.461808166961924
-2.11701154440949
-0.115034389666815
