Pose 0:
-0.0079053696052114
-0.155491561639454
-0.145219561984032
0
0
0
-0.0130866600721267
0.904275111527116
-0.00741542891178952
-0.0791235568018109
1.4093314986964
-0.195976052999812
-0.531121750505706
0.671269917845516
0.0154408597984566
-0.996873467610779
0.909887769053278
-0.173152009989001
-1.26563116382407
1.34438668053783
-0.37307547837607
-1.30128192667349
1.47418121387385
-0.405610544608293
0.463218393501496
0.599805935636627
-0.0628080058849609
0.951599827141496
0.0831336380130925
0.0143124375746213
1.16591184417803
-0.566877539577723
-0.0436938963351843
1.19962280456352
-0.749409792780976
-0.0241218572414827
-0.22698456468187
-0.378057990972504
-0.161551391667859
-0.304529691766731
-1.62697688741586
-0.200861893101281
-0.398731815609778
-2.52647951029037
0.0282154656593663
-0.451691020507037
-2.72299012521807
-0.0474301866389941
0.213228993600862
-0.378018081125199
-0.20202834320279
0.348150384859802
-1.60396429328014
-0.236737796349199
0.50053620477987
-2.52699292589004
0.0294571247546801
0.483296222133451
-2.6336569450935
-0.208867167006829
Pose 1:
0.00901858794998866
-0.141783455429964
-0.120724622859632
0
0
0
-0.050538594552449
0.793240100813959
-0.0360166151836597
-0.0540775108723281
1.17321458943049
-0.147392616975489
-0.508229162745293
0.636336050011444
-0.0196822891732727
-0.904336704984295
0.990290466719351
-0.158770108333958
-1.2323656131132
1.2876281271567
-0.294317544349132
-1.36130124305505
1.37495293635963
-0.319646507930454
0.478989203538376
0.480218267105098
-0.0483798549312198
0.972241732547635
0.540454420582375
-0.138816865345955
0.629740775586687
1.02520559438291
-0.298282342224777
0.522761930457022
1.14023761303033
-0.28577262608811
-0.19012403944032
-0.376827177780962
-0.155512194380903
-0.034821051499266
-1.52239444713974
-0.205783249553736
0.06224134693997
-2.42036671403405
-0.0178060956495113
0.0606482768766657
-2.50572027294194
-0.207419170979826
0.236614046162829
-0.352127197831735
-0.141734319705156
0.645207519053439
-1.10198474801626
-0.458453477784887
0.311085720293297
-1.66621064975668
-0.166415579442211
0.419096655683928
-1.54161405508113
-0.266944053882422
Pose 2:
0.00388814974944149
-0.165694077149849
0.0345900383507563
0
0
0
-0.0194473735252958
0.828610495466861
-0.131497153086562
-0.043532263300145
1.26658781568258
-0.306187378087571
-0.503897018700322
0.602072669664158
-0.0506281846914126
-1.10463727405626
0.445700934005875
-0.166884621196211
-1.13098960614719
-0.128639789199296
-0.314839734215741
-1.13943355213768
-0.312256043696372
-0.309005025654853
0.494561253953449
0.632284266343994
-0.00483608120286012
1.14141920099853
0.50813800393459
-0.0144139453940961
1.22757192747057
-0.0272416689538016
-0.283142198118642
1.25676738721233
-0.233038744826713
-0.319871885354641
-0.211098726136147
-0.390539968116574
0.0547717267201208
-0.560704001467178
-1.36187795951556
0.0255801492564135
-0.805071504431078
-2.27495681344978
0.0757497924217735
-0.793538785784409
-2.41131515213136
-0.159955809197803
0.229348397888214
-0.38644855389474
0.0739298449239662
0.581254189993557
-1.3769685459237
-0.0211560992125145
0.840655155194876
-2.34465094807968
0.0459931366024971
0.852210499322281
-2.48108350686966
-0.189631333268586
Pose 3:
0.0158762390155185
-0.160409849398476
-0.132213817390654
0
0
0
-0.102547831998129
0.890313753945162
-0.0407280672435642
-0.150193506950032
1.39753995844863
-0.204025016593142
-0.596059702591561
0.622830596915885
-0.00472485357818249
-1.15619129900801
0.517325966336356
-0.0950970653650054
-1.7461085899189
0.458603014955596
-0.26551392416618
-1.94689281601022
0.448553858405158
-0.307006322105386
0.403415310423758
0.619008627731501
-0.0348205512571731
1.02828988864382
0.525657626134668
-0.0290792486878393
1.55689309482158
0.524450340512895
-0.187055786243407
1.73070030213898
0.514541915507386
-0.247540083325276
-0.17688019637016
-0.419002626696565
-0.166184967280186
-0.033718307500201
-1.67099160204899
-0.176634297607724
0.0339627464531248
-2.58567640094112
0.0144500326553136
0.0273381896235346
-2.69094530327564
-0.216169965865355
0.258303920764057
-0.345942611315383
-0.151504681859741
0.600083822737721
-1.17328952827236
-0.529411137002599
0.468745686130567
-2.01163324755884
0.116518848132923
0.461808166961924
-2.11701154440949
-0.115034389666815
Pose 4:
-0.00194540180490374
-0.151469547023233
-0.134876994029526
0
0
0
-0.0334323975234822
0.859065260956225
-0.0290750601657344
-0.0377353534273067
1.34983621202632
-0.189376878881321
-0.499383022442652
0.626176714473855
-0.000936385442999449
-1.11086518581558
0.655764061291887
-0.13350762758341
-1.60694596479354
0.679827605757789
-0.251350419296401
-1.748473428744
0.689945566117662
-0.272824949572278
0.498389679697347
0.600685763129421
-0.0621704825732895
0.931735935137198
0.849361944299582
-0.345627987708911
0.549813480869237
1.17696734588955
-0.356213728728524
0.468404970181976
1.234470455718
-0.335046947434366
-0.216690662423515
-0.373914406604321
-0.163793107519555
-0.29546897472884
-1.59656639715806
-0.203855792025187
-0.401098462508201
-2.49438749655629
0.0441437346936323
-0.454326402652972
-2.72191765604736
-0.0103032287284214
0.226859252908443
-0.373707017166093
-0.167648018155596
0.281401414476623
-1.56079953968559
-0.174335795219268
0.353608419107331
-2.4898421901446
0.071188586293448
0.347678953544078
-2.61030632864344
-0.136897993523465

