-0.00214020973569268
-0.150784753521245
-0.147891691311729
0
0
0
0.0106597144531339
0.89736799814057
0.0130242805179943
-0.0717264575037502
1.43052356515727
-0.11763795110167
-0.496553551797298
0.639998668627222
-0.0239021735975207
-0.87304597894588
0.791296273831833
-0.390244533213628
-0.593115621020388
1.16186276329021
-0.359299284668714
-0.499174164796515
1.28601544909691
-0.336896595129517
0.503262572835839
0.622400961510876
-0.027425408624602
0.889119343887815
0.850229779478063
-0.401181259290738
0.543818738849485
1.21891129413979
-0.349823191616941
0.432469633716193
1.35585646085177
-0.283207711584996
-0.226703251302755
-0.373217882355731
-0.194686832290854
-0.269481930009861
-1.63618337137383
-0.260247424769924
-0.320329077035023
-2.61151293135909
0.0551571099575572
-0.395267360447407
-2.84497804904101
0.0240556839188129
0.217264118981699
-0.370872998795212
-0.183824630807832
0.304082332082658
-1.62734971332731
-0.23149106933235
0.349203155589043
-2.58818638361436
0.0502826387749047
0.360295858165912
-2.71990100558758
-0.157582264225799
