0.00926777405629811
-0.173501830918265
-0.110389884569808
0
0
0
-0.0537615017180199
0.929652662058736
-0.0408347631003571
-0.0645458360728919
1.42601483311067
-0.252263530542774
-0.522845198074454
0.656677219753991
0.00721638783421769
-0.912578589746573
0.23081191910755
0.190147601543743
-0.782157880745478
-0.31252057215022
0.0685473054155976
-0.776336315360953
-0.482857472795129
0.0249156610764642
0.477067738414254
0.661818670477439
-0.00328555874319032
1.11167057122264
0.66478938921641
-0.109601887111893
1.2910128433342
1.12356540634574
-0.359312659416093
1.29734769802215
1.25765285053672
-0.408441661500366
-0.198116802621107
-0.399996942271494
-0.146459864928318
-0.386231343684848
-1.63587779761121
-0.110269852198349
-0.683817138238829
-2.54024337909844
0.08477776828069
-0.686719990276567
-2.66151854986215
-0.180712352611503
0.241814764087095
-0.395136769868924
-0.117867381979967
0.434416835991851
-1.64264593167191
-0.161840326645378
0.75512707855083
-2.58225842838433
0.0365633238864748
0.752289147333883
-2.70367943337465
-0.228870272410092
