-0.00194540180490374
-0.151469547023233
-0.134876994029526
0
0
0
-0.0334323975234822
0.859065260956225
-0.0290750601657344
-0.0377353534273067
1.34983621202632
-0.189376878881321
-0.499383022442652
0.626176714473855
-0.000936385442999449
-1.11086518581558
0.655764061291887
-0.13350762758341
-1.60694596479354
0.679827605757789
-0.251350419296401
-1.748473428744
0.689945566117662
-0.272824949572278
0.498389679697347
0.600685763129421
-0.0621704825732895
0.931735935137198
0.849361944299582
-0.345627987708911
0.549813480869237
1.17696734588955
-0.356213728728524
0.468404970181976
1.234470455718
-0.335046947434366
-0.216690662423515
-0.373914406604321
-0.163793107519555
-0.29546897472884
-1.59656639715806
-0.203855792025187
-0.401098462508201
-2.49438749655629
0.0441437346936323
-0.454326402652972
-2.72191765604736
-0.0103032287284214
0.226859252908443
-0.373707017166093
-0.167648018155596
0.281401414476623
-1.56079953968559
-0.174335795219268
0.353608419107331
-2.4898421901446
0.071188586293448
0.347678953544078
-2.61030632864344
-0.136897993523465
