Pose 0:
-0.00254276678285038
-0.184723686885338
-0.159811909290238
0
0
0
-0.0333892920927747
1.04950405254932
-0.0184488345322648
-0.0596564460597347
1.64640974609113
-0.180604372937286
-0.522302064713317
0.70333850953142
0.00135101502213229
-0.843673504407642
0.0597172097602633
0.00718907696721551
-1.2094073975717
0.685716295492485
-0.406771419356221
-1.28971048126671
0.807791690612453
-0.430201116721399
0.475968283203751
0.684403836759939
-0.054173476213633
0.870665017097246
0.0952583174252163
-0.046721221848793
1.20677882676195
0.677854640141046
-0.433351025340057
1.28507142643887
0.831962598793237
-0.470602790990615
-0.223855790236347
-0.411492246217337
-0.188945952352969
-0.334530768231792
-1.75676619065563
-0.173482111084388
-0.421513411103063
-2.74216534721456
0.10158886259852
-0.516551835553732
-3.02064477618053
0.0629607234602777
0.229995440018734
-0.402376662099884
-0.195659508739406
0.350199928277104
-1.75264265598984
-0.167248331688382
0.451922160121931
-2.80993562425612
0.0439558679157323
0.435893783407509
-2.93195681563229
-0.222939654187219
Pose 1:
-0.00194540180490374
-0.151469547023233
-0.134876994029526
0
0
0
-0.0334323975234822
0.859065260956225
-0.0290750601657344
-0.0377353534273067
1.34983621202632
-0.189376878881321
-0.499383022442652
0.626176714473855
-0.000936385442999449
-1.11086518581558
0.655764061291887
-0.13350762758341
-1.60694596479354
0.679827605757789
-0.251350419296401
-1.748473428744
0.689945566117662
-0.272824949572278
0.498389679697347
0.600685763129421
-0.0621704825732895
0.931735935137198
0.849361944299582
-0.345627987708911
0.549813480869237
1.17696734588955
-0.356213728728524
0.468404970181976
1.234470455718
-0.335046947434366
-0.216690662423515
-0.373914406604321
-0.163793107519555
-0.29546897472884
-1.59656639715806
-0.203855792025187
-0.401098462508201
-2.49438749655629
0.0441437346936323
-0.454326402652972
-2.72191765604736
-0.0103032287284214
0.226859252908443
-0.373707017166093
-0.167648018155596
0.281401414476623
-1.56079953968559
-0.174335795219268
0.353608419107331
-2.4898421901446
0.071188586293448
0.347678953544078
-2.61030632864344
-0.136897993523465
Pose 2:
0.00388814974944149
-0.165694077149849
0.0345900383507563
0
0
0
-0.0194473735252958
0.828610495466861
-0.131497153086562
-0.043532263300145
1.26658781568258
-0.306187378087571
-0.503897018700322
0.602072669664158
-0.0506281846914126
-1.10463727405626
0.445700934005875
-0.166884621196211
-1.13098960614719
-0.128639789199296
-0.314839734215741
-1.13943355213768
-0.312256043696372
-0.309005025654853
0.494561253953449
0.632284266343994
-0.00483608120286012
1.14141920099853
0.50813800393459
-0.0144139453940961
1.22757192747057
-0.0272416689538016
-0.283142198118642
1.25676738721233
-0.233038744826713
-0.319871885354641
-0.211098726136147
-0.390539968116574
0.0547717267201208
-0.560704001467178
-1.36187795951556
0.0255801492564135
-0.805071504431078
-2.27495681344978
0.0757497924217735
-0.793538785784409
-2.41131515213136
-0.159955809197803
0.229348397888214
-0.38644855389474
0.0739298449239662
0.581254189993557
-1.3769685459237
-0.0211560992125145
0.840655155194876
-2.34465094807968
0.0459931366024971
0.852210499322281
-2.48108350686966
-0.189631333268586
Pose 3:
-0.00214020973569268
-0.150784753521245
-0.147891691311729
0
0
0
0.0106597144531339
0.89736799814057
0.0130242805179943
-0.0717264575037502
1.43052356515727
-0.11763795110167
-0.496553551797298
0.639998668627222
-0.0239021735975207
-0.87304597894588
0.791296273831833
-0.390244533213628
-0.593115621020388
1.16186276329021
-0.359299284668714
-0.499174164796515
1.28601544909691
-0.336896595129517
0.503262572835839
0.622400961510876
-0.027425408624602
0.889119343887815
0.850229779478063
-0.401181259290738
0.543818738849485
1.21891129413979
-0.349823191616941
0.432469633716193
1.35585646085177
-0.283207711584996
-0.226703251302755
-0.373217882355731
-0.194686832290854
-0.269481930009861
-1.63618337137383
-0.260247424769924
-0.320329077035023
-2.61151293135909
0.0551571099575572
-0.395267360447407
-2.84497804904101
0.0240556839188129
0.217264118981699
-0.370872998795212
-0.183824630807832
0.304082332082658
-1.62734971332731
-0.23149106933235
0.349203155589043
-2.58818638361436
0.0502826387749047
0.360295858165912
-2.71990100558758
-0.157582264225799
Pose 4:
0.00926777405629811
-0.173501830918265
-0.110389884569808
0
0
0
-0.0537615017180199
0.929652662058736
-0.0408347631003571
-0.0645458360728919
1.42601483311067
-0.252263530542774
-0.522845198074454
0.656677219753991
0.00721638783421769
-0.912578589746573
0.23081191910755
0.190147601543743
-0.782157880745478
-0.31252057215022
0.0685473054155976
-0.776336315360953
-0.482857472795129
0.0249156610764642
0.477067738414254
0.661818670477439
-0.00328555874319032
1.11167057122264
0.66478938921641
-0.109601887111893
1.2910128433342
1.12356540634574
-0.359312659416093
1.29734769802215
1.25765285053672
-0.408441661500366
-0.198116802621107
-0.399996942271494
-0.146459864928318
-0.386231343684848
-1.63587779761121
-0.110269852198349
-0.683817138238829
-2.54024337909844
0.08477776828069
-0.686719990276567
-2.66151854986215
-0.180712352611503
0.241814764087095
-0.395136769868924
-0.117867381979967
0.434416835991851
-1.64264593167191
-0.161840326645378
0.75512707855083
-2.58225842838433
0.0365633238864748
0.752289147333883
-2.70367943337465
-0.228870272410092
