0.0429156582486207
-0.164533945392373
-0.151370547562926
0
0
0
-0.0226176579211262
0.967168331957588
0.000635757089168691
-0.0385539704457437
1.45599129711467
-0.0518860986314926
-0.491779179580089
0.814203650253511
-0.0809524372789952
-0.8801646735977
1.31165708544906
-0.294548902008198
-1.14055839072688
1.80874630075067
-0.450022269903829
-1.20516606479778
1.93266665815055
-0.476014162377538
0.476203844286196
0.877906094992645
0.161046401335853
0.930416033536008
1.42290338788242
0.14045150335464
1.14771280592796
1.95907383941079
0.117528852268828
1.20260031899037
2.18189490704274
0.112032747992733
-0.15802094496353
-0.389792289148274
-0.244960983762061
-0.311274136759339
-1.93527623224611
-0.093727751554487
-0.409817982148998
-2.95490348351151
-0.0485586704678207
-0.432588529866432
-3.15395676148604
-0.255907577916037
0.269400756815628
-0.384141195600696
-0.131751961534185
0.388301508457345
-1.94574549954797
-0.0183378382343945
0.426452721389111
-2.95432223960757
0.0489019599628597
0.476114654212974
-3.16496649386827
-0.169361750597346
