0.0426544967608472
-0.204305140934368
-0.134336570784209
0
0
0
-0.0340104087667465
1.11744604838656
-0.0441923987988795
-0.00189977363507095
1.68992189609112
-0.147190180468308
-0.497944127245904
0.814073178394006
-0.14334601441383
-0.938259037839619
0.388597685448469
-0.378419870340722
-1.30808557429628
0.882119200608195
-0.605365732898157
-1.47147358956079
1.00555961672563
-0.609984437149873
0.472786363542972
0.87010940189795
0.088523335908906
0.903619830643928
0.402444512106488
0.215759581367015
1.35928399180294
0.74378774151466
0.148843785452248
1.49407779573981
0.874742300566534
0.137413559164138
-0.158892596674285
-0.431144587934015
-0.210737745196378
-0.332094124853742
-1.95176601971996
-0.0925432131928835
-0.443952947423425
-3.01407519501299
-0.0909716251109896
-0.480079808945745
-3.2474795472837
-0.277741010408124
0.267968862165214
-0.42658497002422
-0.103729637805702
0.480179367005237
-1.97937763968048
0.0204241309580609
0.576992262769824
-3.06901772309913
0.0902899187339093
0.636383399587865
-3.28419217931465
-0.196712356106621
