Pose 0:
0.0307359640124165
-0.192859660070998
-0.096797143182923
0
0
0
-0.0183366327272217
1.01799417511411
-0.0376591759650513
0.0127368182461757
1.53895605697738
-0.132093509176725
-0.508577466612426
0.791645521479033
-0.116335714074695
-1.21899231991882
0.908768048712248
-0.246956491283371
-1.81433111119276
1.01894113052066
-0.443504769858943
-2.00152048838869
1.05721056846383
-0.487766043742763
0.463843346254686
0.800703494870676
0.11586485099844
1.05687912084183
0.888359322044429
0.367734740603252
1.60528149548687
1.06319828345736
0.535104357667689
1.79844967109464
1.10885895735152
0.591355299124045
-0.17596411868632
-0.417394930392228
-0.163633696270473
-0.376998072778845
-1.92707899328242
-0.0687391518294955
-0.506141435738622
-2.94035774430092
-0.098151853508351
-0.514644363531068
-3.15505860059005
-0.294886653156869
0.255717559180583
-0.414453056973179
-0.0654234528372911
0.412995083241109
-1.8764184044651
0.0385189929776249
0.509544391625246
-2.94297790854933
0.0954589652849605
0.575693809662564
-3.12050573178613
-0.0894862226180731
Pose 1:
0.0429156582486207
-0.164533945392373
-0.151370547562926
0
0
0
-0.0226176579211262
0.967168331957588
0.000635757089168691
-0.0385539704457437
1.45599129711467
-0.0518860986314926
-0.491779179580089
0.814203650253511
-0.0809524372789952
-0.8801646735977
1.31165708544906
-0.294548902008198
-1.14055839072688
1.80874630075067
-0.450022269903829
-1.20516606479778
1.93266665815055
-0.476014162377538
0.476203844286196
0.877906094992645
0.161046401335853
0.930416033536008
1.42290338788242
0.14045150335464
1.14771280592796
1.95907383941079
0.117528852268828
1.20260031899037
2.18189490704274
0.112032747992733
-0.15802094496353
-0.389792289148274
-0.244960983762061
-0.311274136759339
-1.93527623224611
-0.093727751554487
-0.409817982148998
-2.95490348351151
-0.0485586704678207
-0.432588529866432
-3.15395676148604
-0.255907577916037
0.269400756815628
-0.384141195600696
-0.131751961534185
0.388301508457345
-1.94574549954797
-0.0183378382343945
0.426452721389111
-2.95432223960757
0.0489019599628597
0.476114654212974
-3.16496649386827
-0.169361750597346
Pose 2:
0.0170001900261354
-0.206760528621906
-0.0349317614272669
0
0
0
-0.0289061582411993
1.04698084405389
-0.0306159001724713
0.0236175786229026
1.58587893583682
-0.137344781677359
-0.500661415480398
0.82723102873357
-0.10852799170394
-1.2490219540715
0.952744244857423
-0.285508872935459
-1.64254923297079
1.60157947536615
-0.666100983689584
-1.72428830832022
1.86859203593664
-0.707407916706121
0.473257305417617
0.836731172189026
0.114750469802703
1.14156134854779
0.989398745379667
0.31955823942837
1.63673790494786
1.54998175478588
0.175666785121245
1.73132669982046
1.7869839538251
0.148066020237345
-0.196008829046212
-0.43413418066729
-0.0834614328468624
-0.577007266084795
-1.86334526012861
-0.0819153705389193
-0.92779019297862
-2.93764324754498
-0.165294908280252
-0.992825510722404
-3.14520296151931
-0.357429303307913
0.245947455380224
-0.42517138325863
-0.00255036446147212
0.644366123041698
-1.80860018535863
0.0750923760883775
0.916013496422219
-2.86068665365589
0.220126526270952
1.00786397590539
-3.0853001560958
0.0207529184840752
Pose 3:
0.0388701458516963
-0.168086366791998
-0.132351185688335
0
0
0
0.0106568643981461
0.934290375169162
-0.0393744069303968
0.0483783131698181
1.42952038190361
-0.11936564672132
-0.47141677885311
0.74776526550186
-0.115970518975704
-1.07582778073031
0.898302662252597
-0.2864444318078
-1.26434613859642
1.43829505401875
-0.569140223476806
-1.27960622240097
1.64485291861382
-0.652883086931748
0.492963073417036
0.67290740907677
0.137345752606268
0.88657522241512
0.278508764728141
0.394469008217961
0.732634710958313
-0.24788304327901
0.243497018846171
0.704656081953148
-0.406849750184238
0.240582457018108
-0.164112904987944
-0.384728960654077
-0.215940092276988
-0.297675630300834
-1.84044578735995
-0.100943221553111
-0.358826409631494
-2.81483640613492
-0.0827522648295745
-0.396920584365689
-2.99658185484904
-0.2586754144416
0.253520214674094
-0.398981667541891
-0.100702905458912
0.299676062303466
-1.81958242726988
-0.011470590680125
0.310917081393633
-2.77447907390178
0.0834390395967475
0.395632228809718
-2.96193591499615
-0.0988966586607867
Pose 4:
0.0426544967608472
-0.204305140934368
-0.134336570784209
0
0
0
-0.0340104087667465
1.11744604838656
-0.0441923987988795
-0.00189977363507095
1.68992189609112
-0.147190180468308
-0.497944127245904
0.814073178394006
-0.14334601441383
-0.938259037839619
0.388597685448469
-0.378419870340722
-1.30808557429628
0.882119200608195
-0.605365732898157
-1.47147358956079
1.00555961672563
-0.609984437149873
0.472786363542972
0.87010940189795
0.088523335908906
0.903619830643928
0.402444512106488
0.215759581367015
1.35928399180294
0.74378774151466
0.148843785452248
1.49407779573981
0.874742300566534
0.137413559164138
-0.158892596674285
-0.431144587934015
-0.210737745196378
-0.332094124853742
-1.95176601971996
-0.0925432131928835
-0.443952947423425
-3.01407519501299
-0.0909716251109896
-0.480079808945745
-3.2474795472837
-0.277741010408124
0.267968862165214
-0.42658497002422
-0.103729637805702
0.480179367005237
-1.97937763968048
0.0204241309580609
0.576992262769824
-3.06901772309913
0.0902899187339093
0.636383399587865
-3.28419217931465
-0.196712356106621
