0.0388701458516963
-0.168086366791998
-0.132351185688335
0
0
0
0.0106568643981461
0.934290375169162
-0.0393744069303968
0.0483783131698181
1.42952038190361
-0.11936564672132
-0.47141677885311
0.74776526550186
-0.115970518975704
-1.07582778073031
0.898302662252597
-0.2864444318078
-1.26434613859642
1.43829505401875
-0.569140223476806
-1.27960622240097
1.64485291861382
-0.652883086931748
0.492963073417036
0.67290740907677
0.137345752606268
0.88657522241512
0.278508764728141
0.394469008217961
0.732634710958313
-0.24788304327901
0.243497018846171
0.704656081953148
-0.406849750184238
0.240582457018108
-0.164112904987944
-0.384728960654077
-0.215940092276988
-0.297675630300834
-1.84044578735995
-0.100943221553111
-0.358826409631494
-2.81483640613492
-0.0827522648295745
-0.396920584365689
-2.99658185484904
-0.2586754144416
0.253520214674094
-0.398981667541891
-0.100702905458912
0.299676062303466
-1.81958242726988
-0.011470590680125
0.310917081393633
-2.77447907390178
0.0834390395967475
0.395632228809718
-2.96193591499615
-0.0988966586607867
