Pose 0:
0.0388701458516963
-0.168086366791998
-0.132351185688335
0
0
0
0.0106568643981461
0.934290375169162
-0.0393744069303968
0.0483783131698181
1.42952038190361
-0.11936564672132
-0.47141677885311
0.74776526550186
-0.115970518975704
-1.07582778073031
0.898302662252597
-0.2864444318078
-1.26434613859642
1.43829505401875
-0.569140223476806
-1.27960622240097
1.64485291861382
-0.652883086931748
0.492963073417036
0.67290740907677
0.137345752606268
0.88657522241512
0.278508764728141
0.394469008217961
0.732634710958313
-0.24788304327901
0.243497018846171
0.704656081953148
-0.406849750184238
0.240582457018108
-0.164112904987944
-0.384728960654077
-0.215940092276988
-0.297675630300834
-1.84044578735995
-0.100943221553111
-0.358826409631494
-2.81483640613492
-0.0827522648295745
-0.396920584365689
-2.99658185484904
-0.2586754144416
0.253520214674094
-0.398981667541891
-0.100702905458912
0.299676062303466
-1.81958242726988
-0.011470590680125
0.310917081393633
-2.77447907390178
0.0834390395967475
0.395632228809718
-2.96193591499615
-0.0988966586607867
Pose 1:
0.0299936345316562
-0.174490118303488
-0.134714232963534
0
0
0
0.0339817899612655
0.960206733724581
-0.0412350114105549
0.0770548166723253
1.46480804082076
-0.15371297995335
-0.448998012763087
0.873966296665854
-0.0943887689929483
-0.914876809937897
1.32789353394669
-0.267969777192344
-1.2811008666392
1.80257167366417
-0.486628284896041
-1.3931218296617
1.91440955094808
-0.551626131306231
0.510264977768503
0.684935980460103
0.114993563593701
0.813721405914805
0.00769969720860436
0.392171316263693
1.17639120726465
-0.647147209249647
0.548151776630155
1.28402050719702
-0.896602494195234
0.589860518107503
-0.183747311531498
-0.382803020077374
-0.213082236021265
-0.375788373271502
-1.89721378399844
-0.154555598935271
-0.557388098962876
-2.90166369972088
-0.162767770690006
-0.571505401210165
-3.10692389468095
-0.318806690043515
0.242498236577245
-0.414895379105431
-0.108626688669015
0.409852135311915
-1.87846466741873
-0.0149742897876555
0.527009346946096
-2.89371909412845
0.0659133503440662
0.610074250249512
-3.1127782924938
-0.092902458945366
Pose 2:
0.0307359640124165
-0.192859660070998
-0.096797143182923
0
0
0
-0.0183366327272217
1.01799417511411
-0.0376591759650513
0.0127368182461757
1.53895605697738
-0.132093509176725
-0.508577466612426
0.791645521479033
-0.116335714074695
-1.21899231991882
0.908768048712248
-0.246956491283371
-1.81433111119276
1.01894113052066
-0.443504769858943
-2.00152048838869
1.05721056846383
-0.487766043742763
0.463843346254686
0.800703494870676
0.11586485099844
1.05687912084183
0.888359322044429
0.367734740603252
1.60528149548687
1.06319828345736
0.535104357667689
1.79844967109464
1.10885895735152
0.591355299124045
-0.17596411868632
-0.417394930392228
-0.163633696270473
-0.376998072778845
-1.92707899328242
-0.0687391518294955
-0.506141435738622
-2.94035774430092
-0.098151853508351
-0.514644363531068
-3.15505860059005
-0.294886653156869
0.255717559180583
-0.414453056973179
-0.0654234528372911
0.412995083241109
-1.8764184044651
0.0385189929776249
0.509544391625246
-2.94297790854933
0.0954589652849605
0.575693809662564
-3.12050573178613
-0.0894862226180731
Pose 3:
0.0170001900261354
-0.206760528621906
-0.0349317614272669
0
0
0
-0.0289061582411993
1.04698084405389
-0.0306159001724713
0.0236175786229026
1.58587893583682
-0.137344781677359
-0.500661415480398
0.82723102873357
-0.10852799170394
-1.2490219540715
0.952744244857423
-0.285508872935459
-1.64254923297079
1.60157947536615
-0.666100983689584
-1.72428830832022
1.86859203593664
-0.707407916706121
0.473257305417617
0.836731172189026
0.114750469802703
1.14156134854779
0.989398745379667
0.31955823942837
1.63673790494786
1.54998175478588
0.175666785121245
1.73132669982046
1.7869839538251
0.148066020237345
-0.196008829046212
-0.43413418066729
-0.0834614328468624
-0.577007266084795
-1.86334526012861
-0.0819153705389193
-0.92779019297862
-2.93764324754498
-0.165294908280252
-0.992825510722404
-3.14520296151931
-0.357429303307913
0.245947455380224
-0.42517138325863
-0.00255036446147212
0.644366123041698
-1.80860018535863
0.0750923760883775
0.916013496422219
-2.86068665365589
0.220126526270952
1.00786397590539
-3.0853001560958
0.0207529184840752
Pose 4:
0.035350295940122
-0.161486492258941
-0.154449157443173
0
0
0
-0.0763586423561689
0.967867387196929
0.0239567247882611
-0.0568638870200678
1.5298541620316
-0.0487328979022359
-0.515752757340835
0.575145214999046
-0.0637282623398805
-1.11541730158272
0.245020396174552
-0.242543426515118
-1.60856807668481
0.0629270044247379
-0.543832941299833
-1.74469429764477
0.0494493932124609
-0.635425780300551
0.468244031777065
0.671774490963654
0.0798001394430223
1.12086995677219
0.46838116936607
0.115894803919983
1.70373301566076
0.365361187224266
0.0236426102772455
1.86709003641876
0.348975972876321
-0.0108579553404412
-0.16133046766732
-0.41752946217805
-0.243377449583075
0.0151315352891965
-1.86907825376056
-0.226102476577891
0.145637353846989
-2.82193357662654
-0.151826261959992
0.139696239716872
-3.0970667912662
-0.304963377121187
0.275272387472482
-0.346779518608812
-0.149833603945296
0.441788541128418
-1.07111272370047
-1.14243962366904
0.590996441539801
-1.95150004750175
-0.98791612859623
0.609264253275683
-2.21002292988435
-1.1385720967602
