0.00100309093783547
-0.175872175510901
-0.151913440070726
0
0
0
0.0111941330115877
0.994437910684573
-0.0282497134728178
-0.0114426885181552
1.49327729594066
-0.249412805526746
-0.494730912823417
0.702646534544306
-0.0468571760577389
-1.02278136024124
0.663893384111939
-0.306951708133253
-1.1652297490408
1.0805321927509
-0.620890324820066
-1.14235286963246
1.22750120986616
-0.660544347220586
0.504871747231213
0.686132736300233
-0.0293927175603185
0.930060054833527
0.285804840712003
0.086698636555332
0.723611856092349
-0.172255938789283
-0.0836178763035928
0.702169224811269
-0.351173236782636
-0.133358419000004
-0.225008176067284
-0.398395957342451
-0.192099104236914
-0.310009920847979
-1.66797824257435
-0.20676592779774
-0.448894565761315
-2.66250572369054
0.122061937033074
-0.571928353763808
-2.89874292762942
0.108666022108874
0.223369444142021
-0.399234667333436
-0.173502062989161
0.346692457449228
-1.65122419130568
-0.211072926544
0.445897428337258
-2.65155533758538
0.107219388190879
0.525702723205221
-2.89086793209801
0.0689248281430133
