-0.00254276678285038
-0.184723686885338
-0.159811909290238
0
0
0
-0.0333892920927747
1.04950405254932
-0.0184488345322648
-0.0596564460597347
1.64640974609113
-0.180604372937286
-0.522302064713317
0.70333850953142
0.00135101502213229
-0.843673504407642
0.0597172097602633
0.00718907696721551
-1.2094073975717
0.685716295492485
-0.406771419356221
-1.28971048126671
0.807791690612453
-0.430201116721399
0.475968283203751
0.684403836759939
-0.054173476213633
0.870665017097246
0.0952583174252163
-0.046721221848793
1.20677882676195
0.677854640141046
-0.433351025340057
1.28507142643887
0.831962598793237
-0.470602790990615
-0.223855790236347
-0.411492246217337
-0.188945952352969
-0.334530768231792
-1.75676619065563
-0.173482111084388
-0.421513411103063
-2.74216534721456
0.10158886259852
-0.516551835553732
-3.02064477618053
0.0629607234602777
0.229995440018734
-0.402376662099884
-0.195659508739406
0.350199928277104
-1.75264265598984
-0.167248331688382
0.451922160121931
-2.80993562425612
0.0439558679157323
0.435893783407509
-2.93195681563229
-0.222939654187219
