-3.67328028062575E-05
-0.169342582983982
-0.145956576535523
0
0
0
-0.0372220369636848
0.957837320377556
-0.0231940261828333
-0.0780229960519612
1.48625199302573
-0.175031648915447
-0.517609474308653
0.665706729471049
0.0241826515725568
-1.10659866119189
0.562710547320492
-0.0704092371889619
-1.63301496709184
0.510173037102633
-0.209926963698783
-1.73943691204828
0.491547330004596
-0.218531307010315
0.481298492250209
0.666707227261083
-0.0215345907844746
1.14215848205413
0.526527439985836
-0.0697949227205188
1.67336849132134
0.448199884993001
-0.251139472990932
1.89076276355627
0.389858568508283
-0.355195843168506
-0.222128429328547
-0.395849447360422
-0.170545304332605
-0.287802215297803
-1.64557269593927
-0.121362150941323
-0.216074190995921
-2.5212522210246
0.280320735062805
-0.320372054720881
-2.66339328543814
0.129806845899146
0.23630137375542
-0.387952074228458
-0.184351525391228
0.353263698949578
-1.63852765817676
-0.150311781739077
0.45530585109499
-2.5916282607101
0.105120381968891
0.487869026431603
-2.7116597678161
-0.0817968104319629
