0.00357355520375849
-0.157548811566897
-0.158181412707518
0
0
0
0.0101556499174056
0.947640363893899
0.0208976686723903
-0.0397980133628302
1.34675962281616
-0.0715253565304667
-0.495850409810142
0.795534488834642
0.00528765944225314
-0.698438700010115
1.21753517773171
-0.210556594015177
-0.953868226955617
1.74955873696741
-0.425818802185312
-1.03094286327881
1.910091081413
-0.480184075818126
0.503442963128276
0.779158862380275
0.0370956399740827
0.764867005568274
1.23311297376747
-0.166530402723309
1.02070877701161
1.70876826815124
-0.345505165085974
1.10501182554328
1.8648218986743
-0.392084394850025
-0.219548145785355
-0.373215521693039
-0.21641439778037
-0.325605035720311
-1.758751321853
-0.289232424781992
-0.384081160882658
-2.79537898067741
-0.00142872171089188
-0.442688315445315
-3.03378549505168
-0.0493429107224149
0.224144387387848
-0.383951561839507
-0.187149946677842
0.317647946196802
-1.79127221780776
-0.213768210107445
0.390311860556433
-2.83116438145403
0.00416645371542916
0.399178673116981
-2.94231183348517
-0.251377456146571
