Pose 0:
-3.67328028062575E-05
-0.169342582983982
-0.145956576535523
0
0
0
-0.0372220369636848
0.957837320377556
-0.0231940261828333
-0.0780229960519612
1.48625199302573
-0.175031648915447
-0.517609474308653
0.665706729471049
0.0241826515725568
-1.10659866119189
0.562710547320492
-0.0704092371889619
-1.63301496709184
0.510173037102633
-0.209926963698783
-1.73943691204828
0.491547330004596
-0.218531307010315
0.481298492250209
0.666707227261083
-0.0215345907844746
1.14215848205413
0.526527439985836
-0.0697949227205188
1.67336849132134
0.448199884993001
-0.251139472990932
1.89076276355627
0.389858568508283
-0.355195843168506
-0.222128429328547
-0.395849447360422
-0.170545304332605
-0.287802215297803
-1.64557269593927
-0.121362150941323
-0.216074190995921
-2.5212522210246
0.280320735062805
-0.320372054720881
-2.66339328543814
0.129806845899146
0.23630137375542
-0.387952074228458
-0.184351525391228
0.353263698949578
-1.63852765817676
-0.150311781739077
0.45530585109499
-2.5916282607101
0.105120381968891
0.487869026431603
-2.7116597678161
-0.0817968104319629
Pose 1:
0.00357355520375849
-0.157548811566897
-0.158181412707518
0
0
0
0.0101556499174056
0.947640363893899
0.0208976686723903
-0.0397980133628302
1.34675962281616
-0.0715253565304667
-0.495850409810142
0.795534488834642
0.00528765944225314
-0.698438700010115
1.21753517773171
-0.210556594015177
-0.953868226955617
1.74955873696741
-0.425818802185312
-1.03094286327881
1.910091081413
-0.480184075818126
0.503442963128276
0.779158862380275
0.0370956399740827
0.764867005568274
1.23311297376747
-0.166530402723309
1.02070877701161
1.70876826815124
-0.345505165085974
1.10501182554328
1.8648218986743
-0.392084394850025
-0.219548145785355
-0.373215521693039
-0.21641439778037
-0.325605035720311
-1.758751321853
-0.289232424781992
-0.384081160882658
-2.79537898067741
-0.00142872171089188
-0.442688315445315
-3.03378549505168
-0.0493429107224149
0.224144387387848
-0.383951561839507
-0.187149946677842
0.317647946196802
-1.79127221780776
-0.213768210107445
0.390311860556433
-2.83116438145403
0.00416645371542916
0.399178673116981
-2.94231183348517
-0.251377456146571
Pose 2:
0.00229127523605244
-0.167503717541893
0.00747274179833993
0
0
0
-0.0102021477580709
0.838028540604803
-0.0229875911817356
-0.0129594522617807
1.28293597118581
-0.222100237498166
-0.492432707558206
0.64899523159331
0.0236757523282255
-1.04327976633118
0.677073527056912
-0.0413701896101758
-1.21907811303181
1.08115564728561
-0.290017252138942
-1.19950204917781
1.21176108812788
-0.361846575745286
0.505391882357607
0.613285843215948
0.0786890059142407
1.07824133750496
0.683396760464199
0.0950896103129937
1.25567466927699
1.10307250456758
-0.129218926947432
1.27527337216531
1.25451619544908
-0.205355318514751
-0.216315451080776
-0.39109504607735
-0.0130716181036361
-0.491395331736465
-1.54579945294598
0.00845495733780163
-0.843839617679499
-2.42028713923473
0.107350087009883
-0.831022039186186
-2.53611492743029
-0.125230920589304
0.22654923813172
-0.394818759170118
0.0262558732045179
0.500711300812436
-1.55049164553134
-0.0279186266302816
0.914036476860479
-2.47147480932029
0.081576203798845
0.926856567431051
-2.58731793954599
-0.151008331825708
Pose 3:
0.00100309093783547
-0.175872175510901
-0.151913440070726
0
0
0
0.0111941330115877
0.994437910684573
-0.0282497134728178
-0.0114426885181552
1.49327729594066
-0.249412805526746
-0.494730912823417
0.702646534544306
-0.0468571760577389
-1.02278136024124
0.663893384111939
-0.306951708133253
-1.1652297490408
1.0805321927509
-0.620890324820066
-1.14235286963246
1.22750120986616
-0.660544347220586
0.504871747231213
0.686132736300233
-0.0293927175603185
0.930060054833527
0.285804840712003
0.086698636555332
0.723611856092349
-0.172255938789283
-0.0836178763035928
0.702169224811269
-0.351173236782636
-0.133358419000004
-0.225008176067284
-0.398395957342451
-0.192099104236914
-0.310009920847979
-1.66797824257435
-0.20676592779774
-0.448894565761315
-2.66250572369054
0.122061937033074
-0.571928353763808
-2.89874292762942
0.108666022108874
0.223369444142021
-0.399234667333436
-0.173502062989161
0.346692457449228
-1.65122419130568
-0.211072926544
0.445897428337258
-2.65155533758538
0.107219388190879
0.525702723205221
-2.89086793209801
0.0689248281430133
Pose 4:
-0.00254276678285038
-0.184723686885338
-0.159811909290238
0
0
0
-0.0333892920927747
1.04950405254932
-0.0184488345322648
-0.0596564460597347
1.64640974609113
-0.180604372937286
-0.522302064713317
0.70333850953142
0.00135101502213229
-0.843673504407642
0.0597172097602633
0.00718907696721551
-1.2094073975717
0.685716295492485
-0.406771419356221
-1.28971048126671
0.807791690612453
-0.430201116721399
0.475968283203751
0.684403836759939
-0.054173476213633
0.870665017097246
0.0952583174252163
-0.046721221848793
1.20677882676195
0.677854640141046
-0.433351025340057
1.28507142643887
0.831962598793237
-0.470602790990615
-0.223855790236347
-0.411492246217337
-0.188945952352969
-0.334530768231792
-1.75676619065563
-0.173482111084388
-0.421513411103063
-2.74216534721456
0.10158886259852
-0.516551835553732
-3.02064477618053
0.0629607234602777
0.229995440018734
-0.402376662099884
-0.195659508739406
0.350199928277104
-1.75264265598984
-0.167248331688382
0.451922160121931
-2.80993562425612
0.0439558679157323
0.435893783407509
-2.93195681563229
-0.222939654187219
