0.0771142568259932
-0.181652540419924
-0.153378193459879
0
0
0
-0.197261181742691
1.06368920465951
-0.0263484493192694
-0.189671976550921
1.64422854447631
-0.090796389317631
-0.583363873340164
0.617795963483053
-0.16001199781886
-1.14409567614485
0.177131995004492
-0.226394825682427
-1.47725847783243
0.616329365472596
-0.659578215088748
-1.52764140905055
0.85736986280776
-0.736535700803143
0.361665429537601
0.826314792378763
0.0896932519902685
0.896459989499456
1.31229791033908
-0.0664606263564986
0.824837712741062
1.87601103804359
-0.35097795392345
0.736059727271537
2.06329090205826
-0.41652021458614
-0.0852201557923003
-0.460886756107905
-0.248236471049898
0.108182108280498
-1.94579309352809
-0.0946814554017073
0.113552471248988
-3.09395370070823
-0.0819527601479462
0.163824252066866
-3.31703255321586
-0.313820831067785
0.336610269570975
-0.344734517782875
-0.11753845060477
1.09578432428048
-1.1074978266974
-0.447977507486573
0.667348338393349
-1.92131079097262
-0.212349329220884
0.405424862342831
-1.94634237597225
-0.448705794059936
