0.02813852435135
-0.171701197541249
-0.0676532406110459
0
0
0
-0.0316234663908284
0.893554210948514
-0.032198132769671
-0.00457497051472984
1.38823769491618
-0.158372864100839
-0.501616436632197
0.716908797254157
-0.0656946633421384
-1.15455068446562
0.705857914432034
-0.0951799551868437
-1.46896468010319
0.0744301971313496
-0.345069033135869
-1.55614829731655
-0.12941256468429
-0.362971009421154
0.464133576066115
0.762440770187569
0.188861066497392
1.02455024722704
0.793408856723804
0.486972109105564
1.42870054601958
0.165848760739546
0.379905232717472
1.56163373359483
-0.0633313524103473
0.391939226900238
-0.174849656784176
-0.402601056555783
-0.139169167511153
-0.612200539832009
-1.81877065390646
-0.0608294437402415
-1.02626120127123
-2.78471425555089
-0.124347794403567
-1.09921824375859
-2.97236016672629
-0.305577782996356
0.256332293155569
-0.388654892779181
-0.0276124189114225
0.637295149427316
-1.72911730474661
0.12319415218181
0.987372433909894
-2.70453906096971
0.267704874898581
1.06587108635297
-2.89084769816098
0.145633460592676
