0.035350295940122
-0.161486492258941
-0.154449157443173
0
0
0
-0.0763586423561689
0.967867387196929
0.0239567247882611
-0.0568638870200678
1.5298541620316
-0.0487328979022359
-0.515752757340835
0.575145214999046
-0.0637282623398805
-1.11541730158272
0.245020396174552
-0.242543426515118
-1.60856807668481
0.0629270044247379
-0.543832941299833
-1.74469429764477
0.0494493932124609
-0.635425780300551
0.468244031777065
0.671774490963654
0.0798001394430223
1.12086995677219
0.46838116936607
0.115894803919983
1.70373301566076
0.365361187224266
0.0236426102772455
1.86709003641876
0.348975972876321
-0.0108579553404412
-0.16133046766732
-0.41752946217805
-0.243377449583075
0.0151315352891965
-1.86907825376056
-0.226102476577891
0.145637353846989
-2.82193357662654
-0.151826261959992
0.139696239716872
-3.0970667912662
-0.304963377121187
0.275272387472482
-0.346779518608812
-0.149833603945296
0.441788541128418
-1.07111272370047
-1.14243962366904
0.590996441539801
-1.95150004750175
-0.98791612859623
0.609264253275683
-2.21002292988435
-1.1385720967602
