0.0299936345316562
-0.174490118303488
-0.134714232963534
0
0
0
0.0339817899612655
0.960206733724581
-0.0412350114105549
0.0770548166723253
1.46480804082076
-0.15371297995335
-0.448998012763087
0.873966296665854
-0.0943887689929483
-0.914876809937897
1.32789353394669
-0.267969777192344
-1.2811008666392
1.80257167366417
-0.486628284896041
-1.3931218296617
1.91440955094808
-0.551626131306231
0.510264977768503
0.684935980460103
0.114993563593701
0.813721405914805
0.00769969720860436
0.392171316263693
1.17639120726465
-0.647147209249647
0.548151776630155
1.28402050719702
-0.896602494195234
0.589860518107503
-0.183747311531498
-0.382803020077374
-0.213082236021265
-0.375788373271502
-1.89721378399844
-0.154555598935271
-0.557388098962876
-2.90166369972088
-0.162767770690006
-0.571505401210165
-3.10692389468095
-0.318806690043515
0.242498236577245
-0.414895379105431
-0.108626688669015
0.409852135311915
-1.87846466741873
-0.0149742897876555
0.527009346946096
-2.89371909412845
0.0659133503440662
0.610074250249512
-3.1127782924938
-0.092902458945366
