Pose 0:
0.0299936345316562
-0.174490118303488
-0.134714232963534
0
0
0
0.0339817899612655
0.960206733724581
-0.0412350114105549
0.0770548166723253
1.46480804082076
-0.15371297995335
-0.448998012763087
0.873966296665854
-0.0943887689929483
-0.914876809937897
1.32789353394669
-0.267969777192344
-1.2811008666392
1.80257167366417
-0.486628284896041
-1.3931218296617
1.91440955094808
-0.551626131306231
0.510264977768503
0.684935980460103
0.114993563593701
0.813721405914805
0.00769969720860436
0.392171316263693
1.17639120726465
-0.647147209249647
0.548151776630155
1.28402050719702
-0.896602494195234
0.589860518107503
-0.183747311531498
-0.382803020077374
-0.213082236021265
-0.375788373271502
-1.89721378399844
-0.154555598935271
-0.557388098962876
-2.90166369972088
-0.162767770690006
-0.571505401210165
-3.10692389468095
-0.318806690043515
0.242498236577245
-0.414895379105431
-0.108626688669015
0.409852135311915
-1.87846466741873
-0.0149742897876555
0.527009346946096
-2.89371909412845
0.0659133503440662
0.610074250249512
-3.1127782924938
-0.092902458945366
Pose 1:
0.0771142568259932
-0.181652540419924
-0.153378193459879
0
0
0
-0.197261181742691
1.06368920465951
-0.0263484493192694
-0.189671976550921
1.64422854447631
-0.090796389317631
-0.583363873340164
0.617795963483053
-0.16001199781886
-1.14409567614485
0.177131995004492
-0.226394825682427
-1.47725847783243
0.616329365472596
-0.659578215088748
-1.52764140905055
0.85736986280776
-0.736535700803143
0.361665429537601
0.826314792378763
0.0896932519902685
0.896459989499456
1.31229791033908
-0.0664606263564986
0.824837712741062
1.87601103804359
-0.35097795392345
0.736059727271537
2.06329090205826
-0.41652021458614
-0.0852201557923003
-0.460886756107905
-0.248236471049898
0.108182108280498
-1.94579309352809
-0.0946814554017073
0.113552471248988
-3.09395370070823
-0.0819527601479462
0.163824252066866
-3.31703255321586
-0.313820831067785
0.336610269570975
-0.344734517782875
-0.11753845060477
1.09578432428048
-1.1074978266974
-0.447977507486573
0.667348338393349
-1.92131079097262
-0.212349329220884
0.405424862342831
-1.94634237597225
-0.448705794059936
Pose 2:
0.02813852435135
-0.171701197541249
-0.0676532406110459
0
0
0
-0.0316234663908284
0.893554210948514
-0.032198132769671
-0.00457497051472984
1.38823769491618
-0.158372864100839
-0.501616436632197
0.716908797254157
-0.0656946633421384
-1.15455068446562
0.705857914432034
-0.0951799551868437
-1.46896468010319
0.0744301971313496
-0.345069033135869
-1.55614829731655
-0.12941256468429
-0.362971009421154
0.464133576066115
0.762440770187569
0.188861066497392
1.02455024722704
0.793408856723804
0.486972109105564
1.42870054601958
0.165848760739546
0.379905232717472
1.56163373359483
-0.0633313524103473
0.391939226900238
-0.174849656784176
-0.402601056555783
-0.139169167511153
-0.612200539832009
-1.81877065390646
-0.0608294437402415
-1.02626120127123
-2.78471425555089
-0.124347794403567
-1.09921824375859
-2.97236016672629
-0.305577782996356
0.256332293155569
-0.388654892779181
-0.0276124189114225
0.637295149427316
-1.72911730474661
0.12319415218181
0.987372433909894
-2.70453906096971
0.267704874898581
1.06587108635297
-2.89084769816098
0.145633460592676
Pose 3:
0.035350295940122
-0.161486492258941
-0.154449157443173
0
0
0
-0.0763586423561689
0.967867387196929
0.0239567247882611
-0.0568638870200678
1.5298541620316
-0.0487328979022359
-0.515752757340835
0.575145214999046
-0.0637282623398805
-1.11541730158272
0.245020396174552
-0.242543426515118
-1.60856807668481
0.0629270044247379
-0.543832941299833
-1.74469429764477
0.0494493932124609
-0.635425780300551
0.468244031777065
0.671774490963654
0.0798001394430223
1.12086995677219
0.46838116936607
0.115894803919983
1.70373301566076
0.365361187224266
0.0236426102772455
1.86709003641876
0.348975972876321
-0.0108579553404412
-0.16133046766732
-0.41752946217805
-0.243377449583075
0.0151315352891965
-1.86907825376056
-0.226102476577891
0.145637353846989
-2.82193357662654
-0.151826261959992
0.139696239716872
-3.0970667912662
-0.304963377121187
0.275272387472482
-0.346779518608812
-0.149833603945296
0.441788541128418
-1.07111272370047
-1.14243962366904
0.590996441539801
-1.95150004750175
-0.98791612859623
0.609264253275683
-2.21002292988435
-1.1385720967602
Pose 4:
0.0459924047139581
-0.154435714983556
-0.116553411462556
0
0
0
-0.0199805768944269
0.863296469701692
-0.0332683972720954
0.0107270191782257
1.344685945583
-0.140748229718195
-0.461294230389936
0.66225999008446
-0.134227806803121
-1.06713251041172
0.709808792650131
-0.31891762337185
-1.57421324554473
0.775068767634343
-0.478986301923984
-1.72817264629168
0.853074436232335
-0.501710919192557
0.483541710629351
0.74734297830037
0.18174006127955
0.940879499614748
0.985598329037006
0.299844929747104
0.5384850527038
1.41198826167604
-0.000978889870391388
0.408872124061038
1.50756255592183
0.0425689930819706
-0.151892483231411
-0.375634408474394
-0.207952668386967
-0.419806815255792
-1.78230369896856
-0.122908544115953
-0.635652260154691
-2.67502134395973
-0.150054469595078
-0.675008217886882
-2.8465586104157
-0.33282494461156
0.271895640816357
-0.37661544945528
-0.0766174006355357
0.415073034451306
-1.7227227352897
-0.0130382463285802
0.543307500159618
-2.65662020548981
0.0563410955385761
0.579846118045685
-2.83537873510184
-0.0982852550469293
