0.0449891302363343
-0.162883691571787
-0.125703046667252
0
0
0
-0.0970751296862487
0.912722146276239
-0.0395128800408513
-0.139434915521628
1.40637470571813
-0.0888833420030258
-0.551780542017559
0.59746237403744
-0.0909491993696187
-0.933710037067462
0.154522490505581
-0.0251721151766056
-0.754636141697162
-0.398758711910659
-0.0473420061223956
-0.709498908983694
-0.567654174091329
-0.0853389468958668
0.401137870690902
0.824532958583526
0.109700315683207
1.00395051418514
1.2875038494398
0.177295381302809
1.3787675520658
1.81005307162612
0.194336339366199
1.50192579359174
2.00979272312018
0.207085725995315
-0.138004001138334
-0.413299033741716
-0.199124216008885
-0.493373589676232
-1.80431941443025
-0.0921544698874383
-0.830192992326142
-2.71326455213464
-0.123076749007176
-0.876336140597769
-2.90718977945064
-0.286253133388982
0.287041666594861
-0.358196329035893
-0.102381994317258
0.6414954946304
-1.72674853468489
0.0168128075290086
0.910284900847392
-2.68622077029097
0.138666923479893
1.0008721040386
-2.87973701486995
-0.034084975274891
