0.0459924047139581
-0.154435714983556
-0.116553411462556
0
0
0
-0.0199805768944269
0.863296469701692
-0.0332683972720954
0.0107270191782257
1.344685945583
-0.140748229718195
-0.461294230389936
0.66225999008446
-0.134227806803121
-1.06713251041172
0.709808792650131
-0.31891762337185
-1.57421324554473
0.775068767634343
-0.478986301923984
-1.72817264629168
0.853074436232335
-0.501710919192557
0.483541710629351
0.74734297830037
0.18174006127955
0.940879499614748
0.985598329037006
0.299844929747104
0.5384850527038
1.41198826167604
-0.000978889870391388
0.408872124061038
1.50756255592183
0.0425689930819706
-0.151892483231411
-0.375634408474394
-0.207952668386967
-0.419806815255792
-1.78230369896856
-0.122908544115953
-0.635652260154691
-2.67502134395973
-0.150054469595078
-0.675008217886882
-2.8465586104157
-0.33282494461156
0.271895640816357
-0.37661544945528
-0.0766174006355357
0.415073034451306
-1.7227227352897
-0.0130382463285802
0.543307500159618
-2.65662020548981
0.0563410955385761
0.579846118045685
-2.83537873510184
-0.0982852550469293
