Pose 0:
0.0426544967608472
-0.204305140934368
-0.134336570784209
0
0
0
-0.0340104087667465
1.11744604838656
-0.0441923987988795
-0.00189977363507095
1.68992189609112
-0.147190180468308
-0.497944127245904
0.814073178394006
-0.14334601441383
-0.938259037839619
0.388597685448469
-0.378419870340722
-1.30808557429628
0.882119200608195
-0.605365732898157
-1.47147358956079
1.00555961672563
-0.609984437149873
0.472786363542972
0.87010940189795
0.088523335908906
0.903619830643928
0.402444512106488
0.215759581367015
1.35928399180294
0.74378774151466
0.148843785452248
1.49407779573981
0.874742300566534
0.137413559164138
-0.158892596674285
-0.431144587934015
-0.210737745196378
-0.332094124853742
-1.95176601971996
-0.0925432131928835
-0.443952947423425
-3.01407519501299
-0.0909716251109896
-0.480079808945745
-3.2474795472837
-0.277741010408124
0.267968862165214
-0.42658497002422
-0.103729637805702
0.480179367005237
-1.97937763968048
0.0204241309580609
0.576992262769824
-3.06901772309913
0.0902899187339093
0.636383399587865
-3.28419217931465
-0.196712356106621
Pose 1:
0.0459924047139581
-0.154435714983556
-0.116553411462556
0
0
0
-0.0199805768944269
0.863296469701692
-0.0332683972720954
0.0107270191782257
1.344685945583
-0.140748229718195
-0.461294230389936
0.66225999008446
-0.134227806803121
-1.06713251041172
0.709808792650131
-0.31891762337185
-1.57421324554473
0.775068767634343
-0.478986301923984
-1.72817264629168
0.853074436232335
-0.501710919192557
0.483541710629351
0.74734297830037
0.18174006127955
0.940879499614748
0.985598329037006
0.299844929747104
0.5384850527038
1.41198826167604
-0.000978889870391388
0.408872124061038
1.50756255592183
0.0425689930819706
-0.151892483231411
-0.375634408474394
-0.207952668386967
-0.419806815255792
-1.78230369896856
-0.122908544115953
-0.635652260154691
-2.67502134395973
-0.150054469595078
-0.675008217886882
-2.8465586104157
-0.33282494461156
0.271895640816357
-0.37661544945528
-0.0766174006355357
0.415073034451306
-1.7227227352897
-0.0130382463285802
0.543307500159618
-2.65662020548981
0.0563410955385761
0.579846118045685
-2.83537873510184
-0.0982852550469293
Pose 2:
0.02813852435135
-0.171701197541249
-0.0676532406110459
0
0
0
-0.0316234663908284
0.893554210948514
-0.032198132769671
-0.00457497051472984
1.38823769491618
-0.158372864100839
-0.501616436632197
0.716908797254157
-0.0656946633421384
-1.15455068446562
0.705857914432034
-0.0951799551868437
-1.46896468010319
0.0744301971313496
-0.345069033135869
-1.55614829731655
-0.12941256468429
-0.362971009421154
0.464133576066115
0.762440770187569
0.188861066497392
1.02455024722704
0.793408856723804
0.486972109105564
1.42870054601958
0.165848760739546
0.379905232717472
1.56163373359483
-0.0633313524103473
0.391939226900238
-0.174849656784176
-0.402601056555783
-0.139169167511153
-0.612200539832009
-1.81877065390646
-0.0608294437402415
-1.02626120127123
-2.78471425555089
-0.124347794403567
-1.09921824375859
-2.97236016672629
-0.305577782996356
0.256332293155569
-0.388654892779181
-0.0276124189114225
0.637295149427316
-1.72911730474661
0.12319415218181
0.987372433909894
-2.70453906096971
0.267704874898581
1.06587108635297
-2.89084769816098
0.145633460592676
Pose 3:
0.0247523302617064
-0.181821311509717
-0.0694830394718861
0
0
0
-0.0644628036335016
0.942113322655036
-0.0348470945909551
-0.071543906574299
1.43698548372064
-0.105540275279437
-0.548112874178509
0.693752870124234
-0.0612959390586211
-1.10690386725009
0.675404296691782
-0.147363953902066
-1.02682779514586
1.14012515837927
-0.38437496105399
-0.848564088612301
1.34372991553759
-0.442697819271983
0.441305508520438
0.731593212516666
0.0782782725488515
0.948040679034321
0.836903642055114
0.231242575414753
0.733496878664786
1.27470674394906
-0.163950801017445
0.651417726321454
1.32417756284983
-0.212172055593071
-0.17777388848188
-0.411309328174142
-0.115966165393997
-0.187215950074692
-1.78351445120233
-0.0247664565778261
-0.109838136849997
-2.74245824297763
-0.0366608954028568
-0.091052190496236
-2.94379617741385
-0.268198514143821
0.263032964144867
-0.399788527859426
-0.0515162543273296
0.702677381638655
-1.78762886684444
0.176233063095581
1.15746286990548
-2.80987641869656
0.276452412591764
1.29505355945077
-2.9695650457654
0.185722485059179
Pose 4:
0.0449891302363343
-0.162883691571787
-0.125703046667252
0
0
0
-0.0970751296862487
0.912722146276239
-0.0395128800408513
-0.139434915521628
1.40637470571813
-0.0888833420030258
-0.551780542017559
0.59746237403744
-0.0909491993696187
-0.933710037067462
0.154522490505581
-0.0251721151766056
-0.754636141697162
-0.398758711910659
-0.0473420061223956
-0.709498908983694
-0.567654174091329
-0.0853389468958668
0.401137870690902
0.824532958583526
0.109700315683207
1.00395051418514
1.2875038494398
0.177295381302809
1.3787675520658
1.81005307162612
0.194336339366199
1.50192579359174
2.00979272312018
0.207085725995315
-0.138004001138334
-0.413299033741716
-0.199124216008885
-0.493373589676232
-1.80431941443025
-0.0921544698874383
-0.830192992326142
-2.71326455213464
-0.123076749007176
-0.876336140597769
-2.90718977945064
-0.286253133388982
0.287041666594861
-0.358196329035893
-0.102381994317258
0.6414954946304
-1.72674853468489
0.0168128075290086
0.910284900847392
-2.68622077029097
0.138666923479893
1.0008721040386
-2.87973701486995
-0.034084975274891
