0.0260512472487118
-0.153048600551664
-0.120248466339935
0
0
0
-0.0195551554195283
0.834151832425768
-0.0421029813755249
0.0392689270563324
1.24189703483653
-0.136482400116827
-0.469940924502673
0.573487985607013
-0.0354166395340792
-0.951420495047424
0.344776714355848
-0.0155744921430695
-1.47139903055096
0.479049255650315
-0.0638849220199514
-1.67017664697949
0.502043016626012
-0.0646225278541111
0.52215860110517
0.598691261372499
0.0874789510271045
1.17431947360932
0.414328884932754
0.29293520296747
1.7088991643035
0.550425418116936
0.392279149334359
1.93736775497844
0.628809661686246
0.486645907677015
-0.182209076572205
-0.380120694210741
-0.179864632207716
-0.420145787658487
-1.60992085575403
-0.019722699282045
-0.622804985982768
-2.51328247754114
-0.0151908270188835
-0.602540779432548
-2.65819629031714
-0.245949160879385
0.250615756297704
-0.368213245251584
-0.0952458303703826
0.282535210129433
-1.49339447780951
-0.00166126448320435
0.348865438263141
-2.3200062171634
0.119540034467872
0.105757001634437
-2.54140273667728
0.185274475594373
