0.0117555821955614
-0.0591279680984818
0.0369250562321141
0
0
0
-0.0915300855032357
0.471007614913372
-0.249456349322947
0.102835955893412
0.929348901062748
-0.454195169235498
-0.393395611935273
0.224832064886655
-0.322400878318672
-0.466565271073932
-0.264040698515001
-0.374381301905455
0.0194402578634988
-0.0431125067534448
-0.71521466848603
0.265079984648976
0.0519205970233125
-0.790519857481274
0.449658096487995
0.178033895858796
0.213388610276818
0.819109993337262
-0.0867414289771877
-0.00538928484591419
0.321958676476826
-0.0645093210727934
-0.460132597038121
0.25570020895243
0.0524014878346243
-0.791397595017555
-0.15023741126194
-0.271344264628755
0.0196642910454663
0.034084349237411
-1.32629938904645
-0.063062092031767
0.117458361192837
-1.98898262201416
-0.136000883077822
0.219742334766159
-2.12567577184334
-0.30508442126758
0.250073010149244
-0.248979086920985
0.22612719607062
1.04156102006491
-0.853461790096423
-0.020158767296438
1.73118713323444
-1.25528956166887
-0.309593774655281
1.83608292867777
-1.38623412974486
-0.478345861869985
