-0.0333338626439725
-0.146680706758538
0.0746927071382096
0
0
0
0.083519647001557
0.752501793831814
-0.29266880949083
0.230489185424887
1.34247855252389
-0.517110794673094
-0.29702035697208
0.450503400918204
-0.35851039235516
-0.346004030600456
-0.118708580960059
-0.507845686568142
0.214039198501506
0.207453454230783
-0.835073858384
0.380556844265622
0.341548401358531
-0.95294085638909
0.615543281770549
0.508339882233023
0.0463137011396961
0.895532701827041
0.344950645979768
-0.38240582322992
0.347893707450913
0.226261205358896
-0.811869058304643
0.373820036841096
0.182924912239723
-0.893455247396392
-0.223863423107695
-0.408146027620743
0.028302444641766
-0.214903436613103
-1.59047566025648
0.217058550010157
-0.270995211881037
-0.825652174411576
-0.00813444683133583
-0.0398443281579975
-1.02684792166676
0.0831902284448428
0.180282349160735
-0.381957899828331
0.272380444598915
0.710640182451217
-1.3947862136715
-0.163533479427952
1.04552241804944
-2.13765060006887
-0.645731506131855
1.15503524996871
-2.31110272165731
-0.833514019401813
