-0.0382426873697905
0.023057868087203
-0.00576089229440502
0
0
0
-0.0375547483795514
0.0409937745107825
0.14595404391926
0.0889983966410893
0.437570987508467
-0.0739235175229883
-0.29923995174387
-0.526631607468999
0.044572745453867
-0.411365629606222
-0.788482280351914
0.539389924858126
-0.00708709309546137
-1.58033541332421
0.497016812953257
0.0893239043989167
-1.82095008370284
0.487738942407636
0.494683507662417
0.0609137238272613
0.20102089749256
1.04854042347931
0.328310159603631
-0.036017384971816
0.966254719130186
-0.0880441981167622
-0.446540370611215
1.06838066790624
-0.0550230343342554
-0.612525065082434
-0.327880950157192
-0.0774254588563843
-0.173715330748941
-0.557397279704106
-1.25269112165199
-0.675770341430974
-0.683697380150644
-1.83880656198996
-1.10167286521362
-0.795315360237463
-2.08077363246205
-1.15822274633824
0.169035966462423
0.28370208200544
-0.211212053230894
0.622866497747934
-0.899070416070161
-0.163699636468843
0.777359112461864
-1.69898702703486
-0.194120151476824
0.670160833076089
-1.93866239743044
-0.140799056387052
