-0.0079053696052114
-0.155491561639454
-0.145219561984032
0
0
0
-0.0130866600721267
0.904275111527116
-0.00741542891178952
-0.0791235568018109
1.4093314986964
-0.195976052999812
-0.531121750505706
0.671269917845516
0.0154408597984566
-0.996873467610779
0.909887769053278
-0.173152009989001
-1.26563116382407
1.34438668053783
-0.37307547837607
-1.30128192667349
1.47418121387385
-0.405610544608293
0.463218393501496
0.599805935636627
-0.0628080058849609
0.951599827141496
0.0831336380130925
0.0143124375746213
1.16591184417803
-0.566877539577723
-0.0436938963351843
1.19962280456352
-0.749409792780976
-0.0241218572414827
-0.22698456468187
-0.378057990972504
-0.161551391667859
-0.304529691766731
-1.62697688741586
-0.200861893101281
-0.398731815609778
-2.52647951029037
0.0282154656593663
-0.451691020507037
-2.72299012521807
-0.0474301866389941
0.213228993600862
-0.378018081125199
-0.20202834320279
0.348150384859802
-1.60396429328014
-0.236737796349199
0.50053620477987
-2.52699292589004
0.0294571247546801
0.483296222133451
-2.6336569450935
-0.208867167006829
