Pose 0:
0.00100309093783547
-0.175872175510901
-0.151913440070726
0
0
0
0.0111941330115877
0.994437910684573
-0.0282497134728178
-0.0114426885181552
1.49327729594066
-0.249412805526746
-0.494730912823417
0.702646534544306
-0.0468571760577389
-1.02278136024124
0.663893384111939
-0.306951708133253
-1.1652297490408
1.0805321927509
-0.620890324820066
-1.14235286963246
1.22750120986616
-0.660544347220586
0.504871747231213
0.686132736300233
-0.0293927175603185
0.930060054833527
0.285804840712003
0.086698636555332
0.723611856092349
-0.172255938789283
-0.0836178763035928
0.702169224811269
-0.351173236782636
-0.133358419000004
-0.225008176067284
-0.398395957342451
-0.192099104236914
-0.310009920847979
-1.66797824257435
-0.20676592779774
-0.448894565761315
-2.66250572369054
0.122061937033074
-0.571928353763808
-2.89874292762942
0.108666022108874
0.223369444142021
-0.399234667333436
-0.173502062989161
0.346692457449228
-1.65122419130568
-0.211072926544
0.445897428337258
-2.65155533758538
0.107219388190879
0.525702723205221
-2.89086793209801
0.0689248281430133
Pose 1:
-0.0079053696052114
-0.155491561639454
-0.145219561984032
0
0
0
-0.0130866600721267
0.904275111527116
-0.00741542891178952
-0.0791235568018109
1.4093314986964
-0.195976052999812
-0.531121750505706
0.671269917845516
0.0154408597984566
-0.996873467610779
0.909887769053278
-0.173152009989001
-1.26563116382407
1.34438668053783
-0.37307547837607
-1.30128192667349
1.47418121387385
-0.405610544608293
0.463218393501496
0.599805935636627
-0.0628080058849609
0.951599827141496
0.0831336380130925
0.0143124375746213
1.16591184417803
-0.566877539577723
-0.0436938963351843
1.19962280456352
-0.749409792780976
-0.0241218572414827
-0.22698456468187
-0.378057990972504
-0.161551391667859
-0.304529691766731
-1.62697688741586
-0.200861893101281
-0.398731815609778
-2.52647951029037
0.0282154656593663
-0.451691020507037
-2.72299012521807
-0.0474301866389941
0.213228993600862
-0.378018081125199
-0.20202834320279
0.348150384859802
-1.60396429328014
-0.236737796349199
0.50053620477987
-2.52699292589004
0.0294571247546801
0.483296222133451
-2.6336569450935
-0.208867167006829
Pose 2:
-3.67328028062575E-05
-0.169342582983982
-0.145956576535523
0
0
0
-0.0372220369636848
0.957837320377556
-0.0231940261828333
-0.0780229960519612
1.48625199302573
-0.175031648915447
-0.517609474308653
0.665706729471049
0.0241826515725568
-1.10659866119189
0.562710547320492
-0.0704092371889619
-1.63301496709184
0.510173037102633
-0.209926963698783
-1.73943691204828
0.491547330004596
-0.218531307010315
0.481298492250209
0.666707227261083
-0.0215345907844746
1.14215848205413
0.526527439985836
-0.0697949227205188
1.67336849132134
0.448199884993001
-0.251139472990932
1.89076276355627
0.389858568508283
-0.355195843168506
-0.222128429328547
-0.395849447360422
-0.170545304332605
-0.287802215297803
-1.64557269593927
-0.121362150941323
-0.216074190995921
-2.5212522210246
0.280320735062805
-0.320372054720881
-2.66339328543814
0.129806845899146
0.23630137375542
-0.387952074228458
-0.184351525391228
0.353263698949578
-1.63852765817676
-0.150311781739077
0.45530585109499
-2.5916282607101
0.105120381968891
0.487869026431603
-2.7116597678161
-0.0817968104319629
Pose 3:
0.00229127523605244
-0.167503717541893
0.00747274179833993
0
0
0
-0.0102021477580709
0.838028540604803
-0.0229875911817356
-0.0129594522617807
1.28293597118581
-0.222100237498166
-0.492432707558206
0.64899523159331
0.0236757523282255
-1.04327976633118
0.677073527056912
-0.0413701896101758
-1.21907811303181
1.08115564728561
-0.290017252138942
-1.19950204917781
1.21176108812788
-0.361846575745286
0.505391882357607
0.613285843215948
0.0786890059142407
1.07824133750496
0.683396760464199
0.0950896103129937
1.25567466927699
1.10307250456758
-0.129218926947432
1.27527337216531
1.25451619544908
-0.205355318514751
-0.216315451080776
-0.39109504607735
-0.0130716181036361
-0.491395331736465
-1.54579945294598
0.00845495733780163
-0.843839617679499
-2.42028713923473
0.107350087009883
-0.831022039186186
-2.53611492743029
-0.125230920589304
0.22654923813172
-0.394818759170118
0.0262558732045179
0.500711300812436
-1.55049164553134
-0.0279186266302816
0.914036476860479
-2.47147480932029
0.081576203798845
0.926856567431051
-2.58731793954599
-0.151008331825708
Pose 4:
0.0158762390155185
-0.160409849398476
-0.132213817390654
0
0
0
-0.102547831998129
0.890313753945162
-0.0407280672435642
-0.150193506950032
1.39753995844863
-0.204025016593142
-0.596059702591561
0.622830596915885
-0.00472485357818249
-1.15619129900801
0.517325966336356
-0.0950970653650054
-1.7461085899189
0.458603014955596
-0.26551392416618
-1.94689281601022
0.448553858405158
-0.307006322105386
0.403415310423758
0.619008627731501
-0.0348205512571731
1.02828988864382
0.525657626134668
-0.0290792486878393
1.55689309482158
0.524450340512895
-0.187055786243407
1.73070030213898
0.514541915507386
-0.247540083325276
-0.17688019637016
-0.419002626696565
-0.166184967280186
-0.033718307500201
-1.67099160204899
-0.176634297607724
0.0339627464531248
-2.58567640094112
0.0144500326553136
0.0273381896235346
-2.69094530327564
-0.216169965865355
0.258303920764057
-0.345942611315383
-0.151504681859741
0.600083822737721
-1.17328952827236
-0.529411137002599
0.468745686130567
-2.01163324755884
0.116518848132923
0.461808166961924
-2.11701154440949
-0.115034389666815
